comment - parsing tables emitted by SLR v3 from file: fancy.bnf ;

define BNFVERSION = '3;

define NSYMBOLS = 81;

preload!with
  "eof",
  "sp",
  "!",
  """",
  "#",
  "$",
  "%",
  "and",
  "quote",
  "(",
  ")",
  "*",
  "+",
  ",",
  "-",
  "dot",
  "/",
  "0",
  "1",
  "2",
  "3",
  "4",
  "5",
  "6",
  "7",
  "8",
  "9",
  ":",
  ";",
  "<",
  "=",
  ">",
  "?",
  "@",
  "A",
  "B",
  "C",
  "D",
  "E",
  "F",
  "G",
  "H",
  "I",
  "J",
  "K",
  "L",
  "M",
  "N",
  "O",
  "P",
  "Q",
  "R",
  "S",
  "T",
  "U",
  "V",
  "W",
  "X",
  "Y",
  "Z",
  "[",
  "\",
  "]",
  "^",
  "_",
  "`",
  "{",
  "|",
  "}",
  "~",
  "user",
  "ppn",
  "prot",
  "device",
  "spec",
  "file",
  "filename",
  "name",
  "field",
  "wident",
  "ident";
internal string array P!Sym[ 1 : NSYMBOLS ];

preload!with
 0,
 1,
 2,
 3,
 4,
 5,
 6,
 7,
 8,
 9,
 10,
 11,
 12,
 13,
 14,
 15,
 16,
 17,
 18,
 19,
 20,
 21,
 22,
 23,
 24,
 25,
 26,
 27,
 28,
 29,
 30,
 31,
 32,
 33,
 34,
 35,
 36,
 37,
 38,
 39,
 40,
 41,
 42,
 43,
 44,
 45,
 46,
 47,
 48,
 49,
 50,
 51,
 52,
 53,
 54,
 55,
 56,
 57,
 58,
 59,
 60,
 61,
 62,
 63,
 64,
 65,
 66,
 67,
 68,
 69,
 70,
 71,
 72,
 73,
 -1,
 -1,
 -1,
 -1,
 -1,
 -1,
 -1;
internal integer array P!SMap[ 1 : NSYMBOLS ];

preload!with
 NULL;
internal string array P!KeyW[ 0 : 0 ];

define NPRODUCTIONS = 53;

preload!with
 1,
 1,
 4,
 4,
 4,
 1,
 3,
 1,
 2,
 3,
 4,
 1,
 1,
 2,
 1,
 1,
 1,
 1,
 1,
 1,
 1,
 1,
 1,
 1,
 1,
 1,
 1,
 1,
 1,
 1,
 1,
 1,
 1,
 1,
 1,
 1,
 1,
 1,
 1,
 1,
 1,
 1,
 1,
 1,
 1,
 1,
 1,
 1,
 1,
 1,
 1,
 1,
 1;
internal integer array P!PLen[ 1 : NPRODUCTIONS ];

preload!with
 1,
 4,
 7,
 13,
 19,
 25,
 28,
 33,
 36,
 40,
 45,
 51,
 54,
 57,
 61,
 64,
 67,
 70,
 73,
 76,
 79,
 82,
 85,
 88,
 91,
 94,
 97,
 100,
 103,
 106,
 109,
 112,
 115,
 118,
 121,
 124,
 127,
 130,
 133,
 136,
 139,
 142,
 145,
 148,
 151,
 154,
 157,
 160,
 163,
 166,
 169,
 172,
 175;
internal integer array P!PIdx[ 1 : NPRODUCTIONS ];

preload!with
 0, 75,
  76,
 1, 76,
  77,
 2, 76,
  10,
  71,
  11,
  77,
 3, 76,
  61,
  72,
  63,
  77,
 4, 76,
  77,
  61,
  72,
  63,
 5, 77,
  78,
 6, 77,
  74,
  28,
  78,
 7, 78,
  79,
 8, 78,
  79,
  6,
 9, 78,
  79,
  6,
  79,
 10, 78,
  78,
  30,
  73,
  32,
 12, 79,
  80,
 13, 79,
  12,
 14, 79,
  80,
  12,
 15, 80,
  81,
 16, 80,
  33,
 17, 80,
  5,
 60, 81,
  18,
 61, 81,
  19,
 62, 81,
  20,
 63, 81,
  21,
 64, 81,
  22,
 65, 81,
  23,
 66, 81,
  24,
 67, 81,
  25,
 68, 81,
  26,
 69, 81,
  27,
 71, 81,
  35,
 72, 81,
  36,
 73, 81,
  37,
 74, 81,
  38,
 75, 81,
  39,
 76, 81,
  40,
 77, 81,
  41,
 78, 81,
  42,
 79, 81,
  43,
 80, 81,
  44,
 81, 81,
  45,
 82, 81,
  46,
 83, 81,
  47,
 84, 81,
  48,
 85, 81,
  49,
 86, 81,
  50,
 87, 81,
  51,
 88, 81,
  52,
 89, 81,
  53,
 90, 81,
  54,
 91, 81,
  55,
 92, 81,
  56,
 93, 81,
  57,
 94, 81,
  58,
 95, 81,
  59,
 96, 81,
  60;
internal integer array P!PTab[ 1 : 177 ];

define NSTATES = 66;

preload!with
 84,
 10,
 2,
 8,
 10,
 10,
 10,
 10,
 10,
 10,
 10,
 10,
 10,
 10,
 10,
 10,
 10,
 10,
 10,
 10,
 10,
 10,
 10,
 10,
 10,
 10,
 10,
 10,
 10,
 10,
 10,
 10,
 10,
 10,
 10,
 10,
 10,
 10,
 10,
 10,
 10,
 2,
 2,
 2,
 4,
 6,
 8,
 10,
 10,
 2,
 2,
 78,
 2,
 2,
 84,
 8,
 80,
 80,
 6,
 2,
 2,
 6,
 2,
 2,
 2,
 6;
integer array P!ALen[ 1 : NSTATES ];

preload!with
 1,
 85,
 95,
 97,
 105,
 115,
 125,
 135,
 145,
 155,
 165,
 175,
 185,
 195,
 205,
 215,
 225,
 235,
 245,
 255,
 265,
 275,
 285,
 295,
 305,
 315,
 325,
 335,
 345,
 355,
 365,
 375,
 385,
 395,
 405,
 415,
 425,
 435,
 445,
 455,
 465,
 475,
 477,
 479,
 481,
 485,
 491,
 499,
 509,
 519,
 521,
 523,
 601,
 603,
 605,
 689,
 697,
 697,
 777,
 783,
 785,
 787,
 793,
 795,
 797,
 799;
integer array P!AIdx[ 1 : NSTATES ];

preload!with
 4, 2,
 9, 3,
 11, 4,
 17, 5,
 18, 6,
 19, 7,
 20, 8,
 21, 9,
 22, 10,
 23, 11,
 24, 12,
 25, 13,
 26, 14,
 32, 15,
 34, 16,
 35, 17,
 36, 18,
 37, 19,
 38, 20,
 39, 21,
 40, 22,
 41, 23,
 42, 24,
 43, 25,
 44, 26,
 45, 27,
 46, 28,
 47, 29,
 48, 30,
 49, 31,
 50, 32,
 51, 33,
 52, 34,
 53, 35,
 54, 36,
 55, 37,
 56, 38,
 57, 39,
 58, 40,
 59, 41,
 60, 42,
 73, 43,
 0, -17,
 5, -17,
 11, -17,
 29, -17,
 60, -17,
 70, 50,
 0, -13,
 5, -13,
 29, -13,
 60, -13,
 0, -18,
 5, -18,
 11, -18,
 29, -18,
 60, -18,
 0, -19,
 5, -19,
 11, -19,
 29, -19,
 60, -19,
 0, -20,
 5, -20,
 11, -20,
 29, -20,
 60, -20,
 0, -21,
 5, -21,
 11, -21,
 29, -21,
 60, -21,
 0, -22,
 5, -22,
 11, -22,
 29, -22,
 60, -22,
 0, -23,
 5, -23,
 11, -23,
 29, -23,
 60, -23,
 0, -24,
 5, -24,
 11, -24,
 29, -24,
 60, -24,
 0, -25,
 5, -25,
 11, -25,
 29, -25,
 60, -25,
 0, -26,
 5, -26,
 11, -26,
 29, -26,
 60, -26,
 0, -27,
 5, -27,
 11, -27,
 29, -27,
 60, -27,
 0, -16,
 5, -16,
 11, -16,
 29, -16,
 60, -16,
 0, -28,
 5, -28,
 11, -28,
 29, -28,
 60, -28,
 0, -29,
 5, -29,
 11, -29,
 29, -29,
 60, -29,
 0, -30,
 5, -30,
 11, -30,
 29, -30,
 60, -30,
 0, -31,
 5, -31,
 11, -31,
 29, -31,
 60, -31,
 0, -32,
 5, -32,
 11, -32,
 29, -32,
 60, -32,
 0, -33,
 5, -33,
 11, -33,
 29, -33,
 60, -33,
 0, -34,
 5, -34,
 11, -34,
 29, -34,
 60, -34,
 0, -35,
 5, -35,
 11, -35,
 29, -35,
 60, -35,
 0, -36,
 5, -36,
 11, -36,
 29, -36,
 60, -36,
 0, -37,
 5, -37,
 11, -37,
 29, -37,
 60, -37,
 0, -38,
 5, -38,
 11, -38,
 29, -38,
 60, -38,
 0, -39,
 5, -39,
 11, -39,
 29, -39,
 60, -39,
 0, -40,
 5, -40,
 11, -40,
 29, -40,
 60, -40,
 0, -41,
 5, -41,
 11, -41,
 29, -41,
 60, -41,
 0, -42,
 5, -42,
 11, -42,
 29, -42,
 60, -42,
 0, -43,
 5, -43,
 11, -43,
 29, -43,
 60, -43,
 0, -44,
 5, -44,
 11, -44,
 29, -44,
 60, -44,
 0, -45,
 5, -45,
 11, -45,
 29, -45,
 60, -45,
 0, -46,
 5, -46,
 11, -46,
 29, -46,
 60, -46,
 0, -47,
 5, -47,
 11, -47,
 29, -47,
 60, -47,
 0, -48,
 5, -48,
 11, -48,
 29, -48,
 60, -48,
 0, -49,
 5, -49,
 11, -49,
 29, -49,
 60, -49,
 0, -50,
 5, -50,
 11, -50,
 29, -50,
 60, -50,
 0, -51,
 5, -51,
 11, -51,
 29, -51,
 60, -51,
 0, -52,
 5, -52,
 11, -52,
 29, -52,
 60, -52,
 0, -53,
 5, -53,
 11, -53,
 29, -53,
 60, -53,
 71, 51,
 27, 52,
 0, -1,
 0, -2,
 60, 53,
 0, -6,
 29, 54,
 60, -6,
 0, -8,
 5, 55,
 29, -8,
 60, -8,
 0, -12,
 5, -12,
 11, 56,
 29, -12,
 60, -12,
 0, -15,
 5, -15,
 11, -15,
 29, -15,
 60, -15,
 10, 57,
 62, 58,
 4, 2,
 11, 4,
 17, 5,
 18, 6,
 19, 7,
 20, 8,
 21, 9,
 22, 10,
 23, 11,
 24, 12,
 25, 13,
 26, 14,
 32, 15,
 34, 16,
 35, 17,
 36, 18,
 37, 19,
 38, 20,
 39, 21,
 40, 22,
 41, 23,
 42, 24,
 43, 25,
 44, 26,
 45, 27,
 46, 28,
 47, 29,
 48, 30,
 49, 31,
 50, 32,
 51, 33,
 52, 34,
 53, 35,
 54, 36,
 55, 37,
 56, 38,
 57, 39,
 58, 40,
 59, 41,
 71, 60,
 72, 61,
 0, -9,
 4, 2,
 11, 4,
 17, 5,
 18, 6,
 19, 7,
 20, 8,
 21, 9,
 22, 10,
 23, 11,
 24, 12,
 25, 13,
 26, 14,
 29, -9,
 32, 15,
 34, 16,
 35, 17,
 36, 18,
 37, 19,
 38, 20,
 39, 21,
 40, 22,
 41, 23,
 42, 24,
 43, 25,
 44, 26,
 45, 27,
 46, 28,
 47, 29,
 48, 30,
 49, 31,
 50, 32,
 51, 33,
 52, 34,
 53, 35,
 54, 36,
 55, 37,
 56, 38,
 57, 39,
 58, 40,
 59, 41,
 60, -9,
 0, -14,
 5, -14,
 29, -14,
 60, -14,
 4, 2,
 11, 4,
 17, 5,
 18, 6,
 19, 7,
 20, 8,
 21, 9,
 22, 10,
 23, 11,
 24, 12,
 25, 13,
 26, 14,
 32, 15,
 34, 16,
 35, 17,
 36, 18,
 37, 19,
 38, 20,
 39, 21,
 40, 22,
 41, 23,
 42, 24,
 43, 25,
 44, 26,
 45, 27,
 46, 28,
 47, 29,
 48, 30,
 49, 31,
 50, 32,
 51, 33,
 52, 34,
 53, 35,
 54, 36,
 55, 37,
 56, 38,
 57, 39,
 58, 40,
 59, 41,
 73, 43,
 0, -7,
 29, 54,
 60, -7,
 62, 65,
 31, 66,
 0, -10,
 29, -10,
 60, -10,
 0, -3,
 0, -4,
 0, -5,
 0, -11,
 29, -11,
 60, -11;
integer array P!ATab[ 1 : 804 ];

preload!with
12,
0,
0,
0,
0,
0,
0,
0,
0,
0,
0,
0,
0,
0,
0,
0,
0,
0,
0,
0,
0,
0,
0,
0,
0,
0,
0,
0,
0,
0,
0,
0,
0,
0,
0,
0,
0,
0,
0,
0,
0,
0,
0,
0,
0,
0,
0,
0,
0,
0,
0,
8,
0,
0,
6,
0,
10,
10,
0,
0,
0,
0,
0,
0,
0,
0;
integer array P!GLen[ 1 : NSTATES ];

preload!with
1,
13,
13,
13,
13,
13,
13,
13,
13,
13,
13,
13,
13,
13,
13,
13,
13,
13,
13,
13,
13,
13,
13,
13,
13,
13,
13,
13,
13,
13,
13,
13,
13,
13,
13,
13,
13,
13,
13,
13,
13,
13,
13,
13,
13,
13,
13,
13,
13,
13,
13,
13,
21,
21,
21,
27,
27,
37,
47,
47,
47,
47,
47,
47,
47,
47;
integer array P!GIdx[ 1 : NSTATES ];

preload!with
 76, 44,
 77, 45,
 78, 46,
 79, 47,
 80, 48,
 81, 49,
 78, 59,
 79, 47,
 80, 48,
 81, 49,
 79, 62,
 80, 48,
 81, 49,
 77, 63,
 78, 46,
 79, 47,
 80, 48,
 81, 49,
 77, 64,
 78, 46,
 79, 47,
 80, 48,
 81, 49;
integer array P!GTab[ 1 : 46 ];

  