 2055   121     1     1  1    12
 2053   121     2     2  1    12
 6053   121     3     3  1    12
 6054   121     4     4  1    12
 6055   121     5     5  1    12
 6056   121     6     6  1    12
 2054   121     7     7  2    24
 4103   121     8     8  2    24
 2216   121     9     9  2    24
 2604   121    10    10  2    24
 2056   121    11    11  2    24
 4104   121    18    18  2    24
 6064   121    19    19  2    24
 2606   121    20    20  2    24
 4637   121    21    21  2    24
 6062   121    27    27  2    24
 6060   121    28    28  2    24
 6057   121    29    29  2    24
 6052   121    30    30  2    24
 6063   121    33    33  2    24
 5632   121    34    34  2    24
 6066   121    35    35  2    24
 2217   121    37    37  2    24
 2605   121    39    39  2    24
 4634   121    40    40  2    24
 2115   121    37    37  2    25
 6270   121    38    38  2    25
 5401   121    39    39  2    25
 2012   121    40    40  2    25
 4507   121    30    30  2    27
 2452   121    34    34  2    28
 2164   121    32    32  2    29
 2471   121    33    33  2    29
 6035   121    34    34  2    29
 1073   121    35    35  2    29
 4723   121    36    36  2    29
 4045   121    37    37  2    29
 4044   121    38    38  2    29
 4506   121    39    39  2    29
 2117   121    40    40  2    29
 5627   121    41    41  3    36
 6061   121    42    42  3    36
 3434   121    53    53  3    36
 4640   121    54    54  3    36
 6065   121    57    57  3    36
 3262   121    64    64  3    36
 4102   121    65    65  3    36
 6131   121    73    73  3    37
 2623   121   142   142  3    37
 2552   121   143   143  3    37
 2003   121   144   144  3    37
 2162   121   145   145  3    37
 3776   121   145   145  3    37
 2161   121   146   146  3    37
 3006   121   147   147  3    37
 2113   121   151   151  3    37
 6271   121   153   153  3    37
 6272   121   154   154  3    37
 6273   121   155   155  3    37
 6274   121   156   156  3    37
 6266   121   157   157  3    37
 2543   121   158   158  3    37
 6253   121   159   159  3    37
 2002   121   160   160  3    37
 6267   121   161   161  3    37
 5400   121   182   182  3    37
 5404   121   183   183  3    37
 5403   121   184   184  3    37
 5402   121   185   185  3    37
 5610   121   186   186  3    37
 5612   121   187   187  3    37
 5377   121   188   188  3    37
 2004   121   189   189  3    37
 4261   121   190   190  3    37
 2304   121   191   191  3    37
 2020   121   194   194  3    37
 2051   121   195   195  3    37
 3330   121   196   196  3    37
 3341   121   197   197  3    37
 3340   121   198   198  3    37
 5215   121   199   199  3    37
 2476   121    83    83  3    39
 4505   121   103   103  3    39
 4510   121   104   104  3    39
 6125   121   105   105  3    39
 4516   121   106   106  3    39
 6126   121   107   107  3    39
 2313   121   199   199  3    39
 5343   121    93    93  3    40
 3705   121   106   106  3    40
 2013   121   178   178  3    40
 2226   121   180   180  3    40
 4601   121   197   197  3    40
 3457   121   199   199  3    40
 5573   121   206   206  3    40
 5565   121   209   209  3    40
 4025   121    97    97  3    41
 3703   121    98    98  3    41
 6044   121    99    99  3    41
 3236   121   100   100  3    41
 2260   121   101   101  3    41
 2131   121   102   102  3    41
  633   121   103   103  3    41
 1112   121   104   104  3    41
 4375   121   105   105  3    41
 4162   121   106   106  3    41
 4035   121   107   107  3    41
 4366   121   108   108  3    41
 6767   121   109   109  3    41
 2241   121   110   110  3    41
 2537   121   111   111  3    41
 3067   121   113   113  3    41
 3415   121   114   114  3    41
 6410   121   138   138  3    41
   54   121   141   141  3    41
 2136   121   142   142  3    41
 2141   121   143   143  3    41
 2575   121   144   144  3    41
 2607   121   145   145  3    41
 4607   121   146   146  3    41
 6724   121   147   147  3    41
 6536   121   148   148  3    41
 4642   121   151   151  3    41
 4643   121   152   152  3    41
 4644   121   153   153  3    41
 4326   121   154   154  3    41
 4071   121   155   155  3    41
 4072   121   156   156  3    41
 3435   121   157   157  3    41
 3671   121   158   158  3    41
 3754   121   159   159  3    41
 2744   121   160   160  3    41
 2353   121   161   161  3    41
 2166   121   161   161  3    41
 2127   121   162   162  3    41
 2126   121   163   163  3    41
 4514   121   166   166  3    41
 4515   121   167   167  3    41
 4513   121   168   168  3    41
 6067   121   171   171  3    41
 6070   121   172   172  3    41
 6071   121   173   173  3    41
 6072   121   174   174  3    41
 6073   121   175   175  3    41
 6074   121   176   176  3    41
 6075   121   177   177  3    41
 6076   121   178   178  3    41
 6077   121   179   179  3    41
 6100   121   180   180  3    41
 4305   121   181   181  3    41
 3224   121   184   184  3    41
 2502   121   185   185  3    41
 2755   121   186   186  3    41
 2257   121   187   187  3    41
 4230   121   188   188  3    41
 2125   121   189   189  3    41
 5631   121   190   190  3    41
 5630   121   191   191  3    41
 3513   121   192   192  3    41
  107   121   193   193  3    41
  411   121   194   194  3    41
 3124   121   195   195  3    41
 3056   121   196   196  3    41
 3155   121   196   196  3    41
 4052   121   197   197  3    41
 6646   121   198   198  3    41
 6521   121   199   199  3    41
 4641   121   208   208  3    41
 3112   121   209   209  3    41
  172   121   210   210  3    41
 2352   121   211   211  3    41
 2354   121   201   201  3    42
 2337   121   202   202  3    42
 2456   121   205   205  3    42
 2367   121   206   206  3    42
 2242   121   207   207  3    42
 2540   121   208   208  3    42
 2457   121   209   209  3    42
 2737   121   210   210  3    42
  361   121   211   211  3    42
 3525   121   195   195  3    44
 3704   121   196   196  3    45
 6160   121   197   197  3    45
 2736   121   198   198  3    45
 2464   121   199   199  3    45
 6426   121   200   200  3    45
 3724   121   201   201  3    45
 2331   121   189   189  3    46
 3725   121   190   190  3    46
 3137   121   191   191  3    46
 7103   121   192   192  3    46
 3672   121   193   193  3    46
 4171   121   194   194  3    46
 4043   121   195   195  3    46
 2135   121   196   196  3    46
 6036   121   197   197  3    46
 6037   121   198   198  3    46
 6040   121   199   199  3    46
 6041   121   200   200  3    46
 5564   121   201   201  3    46
 2653   121   207   207  3    46
 6520   121   208   208  3    46
 4521   121   209   209  3    46
 2326   121   204   204  3    47
 4700   121   207   207  3    47
 3362   121   207   207  3    47
 6636   121   210   210  3    47
 3350   121   210   210  3    47
 2311   121   212   212  3    47
 2050   121   262   262  4    49
 4511   121   272   272  4    49
 6127   121   272   272  4    49
 6123   121   273   273  4    49
 6132   121   274   274  4    49
 2163   121   304   304  4    49
 3775   121   337   337  4    49
 2146   121   338   338  4    49
 5213   121   339   339  4    49
 2541   121   341   341  4    49
 2072   121   371   371  4    49
 2621   121   372   372  4    49
 2633   121   373   373  4    49
 2624   121   374   374  4    49
 4565   121   375   375  4    49
 4562   121   376   376  4    49
 2553   121   381   381  4    49
 2554   121   382   382  4    49
 2555   121   383   383  4    49
 3071   121   384   384  4    49
 5015   121   385   385  4    49
 3070   121   385   385  4    49
 3166   121   385   385  4    49
 5210   121   391   391  4    49
 2033   121   394   394  4    49
 5211   121   395   395  4    49
 4032   121   414   414  4    49
 2542   121   420   420  4    49
 5357   121   422   422  4    49
 4216   121   423   423  4    49
 4124   121   424   424  4    49
 5020   121   425   425  4    49
 5360   121   426   426  4    49
 4301   121   427   427  4    49
 4123   121   428   428  4    49
 6252   121   429   429  4    49
 5017   121   431   431  4    49
 4302   121   432   432  4    49
 5110   121   434   434  4    49
 2545   121   435   435  4    49
 5016   121   436   436  4    49
 4125   121   441   441  4    49
 5407   121   444   444  4    49
 2057   121   445   445  4    49
 2123   121   446   446  4    49
 5330   121   447   447  4    49
 2153   121   449   449  4    49
 2211   121   450   450  4    49
 2401   121   451   451  4    49
 2046   121   452   452  4    49
 4260   121   453   453  4    49
 5331   121   454   454  4    49
 2350   121   455   455  4    49
 5406   121   456   456  4    49
 5611   121   457   457  4    49
 2212   121   458   458  4    49
 2042   121   459   459  4    49
 5405   121   460   460  4    49
 2347   121   461   461  4    49
 5326   121   462   462  4    49
 5327   121   471   471  4    49
 2152   121   472   472  4    49
 2453   121   475   475  4    49
 2043   121   476   476  4    49
 3227   121   476   476  4    49
 2215   121   478   478  4    49
 2221   121   479   479  4    49
 2044   121   499   499  4    49
 2052   121   500   500  4    49
 2404   121   501   501  4    49
 2405   121   509   509  4    49
 2045   121   513   513  4    49
 3015   121   516   516  4    49
 2047   121   446   446  4    50
 6320   121   460   460  4    50
 6022   121   466   466  4    50
 4631   121   467   467  4    50
 6205   121   468   468  4    50
 5212   121   473   473  4    50
 6021   121   475   475  4    50
 6323   121   483   483  4    50
 2023   121   515   515  4    50
 1153   121   292   292  3    51
 4512   121   348   348  4    51
 6124   121   349   349  4    51
 2015   121   469   469  4    51
 2750   121   485   485  4    51
 3632   121   488   488  4    51
 2357   121   498   498  4    51
 6364   121   499   499  4    51
 5572   121   514   514  4    51
 6310   121   302   302  3    52
 6043   121   302   302  3    52
 4602   121   304   304  4    52
 4777   121   325   325  4    52
 5242   121   446   446  4    52
 2572   121   449   449  4    52
 5144   121   453   453  4    52
 2027   121   474   474  4    52
 2230   121   475   475  4    52
 4167   121   478   478  4    52
 5247   121   486   486  4    52
 5667   121   489   489  4    52
 3746   121   507   507  4    52
 3747   121   512   512  4    52
 2415   121   563   563  4    52
 4432   121   564   564  4    52
 3214   121   564   564  4    52
 6020   121   318   318  4    53
 3117   121   319   319  4    53
 5603   121   320   320  4    53
 5037   121   321   321  4    53
 3766   121   337   337  4    53
 5467   121   340   340  4    53
 4376   121   341   341  4    53
 6204   121   342   342  4    53
 6176   121   343   343  4    53
 6177   121   344   344  4    53
 3272   121   345   345  4    53
 4013   121   347   347  4    53
 3271   121   347   347  4    53
 2314   121   353   353  4    53
 4034   121   355   355  4    53
 4775   121   359   359  4    53
 6725   121   360   360  4    53
 3620   121   361   361  4    53
 3237   121   361   361  4    53
 2617   121   363   363  4    53
 2577   121   364   364  4    53
 3354   121   365   365  4    53
 2351   121   390   390  4    53
 4566   121   427   427  4    53
 3722   121   429   429  4    53
 4760   121   482   482  4    53
 3543   121   484   484  4    53
 3643   121   431   431  4    54
 3303   121   431   431  4    54
  520   121   450   450  4    54
 2364   121   460   460  4    54
 4263   121   461   461  4    54
 5645   121   462   462  4    54
 3675   121   463   463  4    54
 4122   121   464   464  4    54
 2436   121   465   465  4    54
 5000   121   466   466  4    54
 4215   121   467   467  4    54
 2144   121   468   468  4    54
 3424   121   469   469  4    54
   40   121   471   471  4    54
  200   121   472   472  4    54
  617   121   473   473  4    54
 3177   121   474   474  4    54
 6516   121   485   485  4    54
 3437   121   486   486  4    54
 5616   121   488   488  4    54
 5615   121   489   489  4    54
 5617   121   490   490  4    54
 5620   121   491   491  4    54
 5621   121   492   492  4    54
 2722   121   493   493  4    54
 2700   121   494   494  4    54
   23   121   495   495  4    54
  117   121   496   496  4    54
  513   121   497   497  4    54
  202   121   498   498  4    54
   41   121   499   499  4    54
  300   121   500   500  4    54
 2154   121   512   512  4    54
 2400   121   513   513  4    54
 2363   121   514   514  4    54
 5640   121   515   515  4    54
 2717   121   516   516  4    54
 5473   121   517   517  4    54
 2264   121   518   518  4    54
 2243   121   519   519  4    54
 2565   121   520   520  4    54
 2767   121   520   520  4    54
  266   121   522   522  4    54
   12   121   523   523  4    54
   17   121   524   524  4    54
   27   121   525   525  4    54
  232   121   526   526  4    54
  155   121   527   527  4    54
  177   121   528   528  4    54
  500   121   530   530  4    54
  264   121   531   531  4    54
  201   121   532   532  4    54
  163   121   533   533  4    54
   47   121   534   534  4    54
   46   121   535   535  4    54
   32   121   536   536  4    54
   15   121   537   537  4    54
   16   121   538   538  4    54
 3044   121   566   566  4    54
 3134   121   567   567  4    54
 4033   121   427   427  4    55
 5566   121   434   434  4    55
 3762   121   481   481  4    55
 4247   121   408   408  4    56
 3377   121   434   434  4    56
 6146   121   436   436  4    56
 6145   121   437   437  4    56
 6143   121   438   438  4    56
 6144   121   439   439  4    56
 4402   121   440   440  4    56
 5771   121   441   441  4    56
 6400   121   442   442  4    56
 4365   121   444   444  4    56
 4672   121   445   445  4    56
 2714   121   477   477  4    56
 6140   121   509   509  4    56
 3356   121   525   525  4    56
 3033   121   528   528  4    56
 4276   121   534   534  4    56
 3763   121   535   535  4    56
 6342   121   536   536  4    56
 2657   121   539   539  4    56
 5344   121   437   437  4    57
 5206   121   509   509  4    57
 3260   121   526   526  4    57
 3464   121   532   532  4    57
 4306   121   533   533  4    57
 5055   121   534   534  4    57
 5246   121   535   535  4    57
 2435   121   536   536  4    57
 3401   121   536   536  4    57
 2544   121   572   572  4    57
 4325   121   437   437  4    58
 4472   121   438   438  4    58
 4724   121   439   439  4    58
 4646   121   440   440  4    58
 5642   121   452   452  4    58
 3607   121   453   453  4    58
 4442   121   454   454  4    58
 4403   121   455   455  4    58
   36   121   456   456  4    58
 6372   121   457   457  4    58
 2306   121   458   458  4    58
 3061   121   459   459  4    58
 2134   121   482   482  4    58
 3502   121   483   483  4    58
 1005   121   485   485  4    58
 1006   121   486   486  4    58
 3476   121   487   487  4    58
 1252   121   488   488  4    58
 2713   121   493   493  4    58
 3500   121   494   494  4    58
 2111   121   495   495  4    58
 3215   121   495   495  4    58
 5602   121   505   505  4    58
 5126   121   506   506  4    58
 5374   121   507   507  4    58
 5376   121   508   508  4    58
 5410   121   509   509  4    58
 2122   121   510   510  4    58
 1007   121   511   511  4    58
 6605   121   513   513  4    58
 2747   121   517   517  4    58
 4520   121   518   518  4    58
 4517   121   519   519  4    58
 4522   121   520   520  4    58
 4523   121   521   521  4    58
 6137   121   522   522  4    58
 6141   121   523   523  4    58
 6142   121   524   524  4    58
 4524   121   525   525  4    58
 5373   121   526   526  4    58
 5375   121   527   527  4    58
 6135   121   528   528  4    58
 6136   121   529   529  4    58
 2450   121   573   573  4    58
 3740   121   488   488  4    59
 4111   121   489   489  4    59
 3631   121   490   490  4    59
 2204   121   491   491  4    59
 2627   121   492   492  4    59
 2660   121   532   532  4    59
 3216   121   532   532  4    59
 3200   121   533   533  4    59
 4112   121   535   535  4    59
 3375   121   535   535  4    59
 2345   121   537   537  4    59
 2335   121   538   538  4    59
 2256   121   539   539  4    59
  260   121   543   543  4    59
 5666   121   544   544  4    59
 6004   121   545   545  4    59
 2302   121   546   546  4    59
 2366   121   547   547  4    59
 2307   121   548   548  4    59
 3335   121   548   548  4    59
 2646   121   550   550  4    59
 2666   121   551   551  4    59
 2711   121   552   552  4    59
 5041   121   553   553  4    59
 4747   121   554   554  4    59
 6756   121   555   555  4    59
 2323   121   558   558  4    59
   77   121   559   559  4    59
  112   121   560   560  4    59
   74   121   562   562  4    59
 3521   121   563   563  4    59
 3771   121   564   564  4    59
 4447   121   565   565  4    59
 5641   121   566   566  4    59
 6406   121   568   568  4    59
 2275   121   570   570  4    59
 2276   121   571   571  4    59
 2355   121   572   572  4    59
 2017   121   573   573  4    59
 3534   121   565   565  4    60
 4666   121   543   543  4    61
  730   121   545   545  4    61
  105   121   546   546  4    61
 2460   121   547   547  4    61
 2612   121   700   700  5    61
 2622   121   757   757  5    61
 4564   121   758   758  5    61
 4563   121   759   759  5    61
 4645   121   762   762  5    61
 2631   121   763   763  5    61
 2632   121   774   774  5    61
 4665   121   778   778  5    61
 5454   121   779   779  5    61
 2634   121   781   781  5    61
 5453   121   786   786  5    61
 4237   121   787   787  5    61
 3167   121   806   806  5    61
 4271   121   812   812  5    61
 3060   121   824   824  5    61
 2177   121   997   997  5    61
 2156   1201  1001  5    61
 2155   121  1002  1002  5    61
 2214   121  1003  1003  5    61
 3001   121  1010  1010  5    61
 3664   121  1015  1015  5    61
 4067   121  1018  1018  5    61
 3226   121  1039  1039  5    61
 2157   121  1040  1040  5    61
 2200   121  1041  1041  5    61
 2220   121  1042  1042  5    61
 4070   121  1060  1060  5    61
 4713   121  1071  1071  5    61
 2130   121  1098  1098  5    61
 6346   121   562   562  4    62
 3153   121   573   573  4    62
 2516   121   577   577  4    62
 3311   121   588   588  4    62
 3301   121   591   591  4    62
 2600   121   595   595  4    62
  145   121   597   597  4    62
 6317   121   614   614  5    62
 5715   121   640   640  5    62
 6206   121   651   651  5    62
 6202   121   659   659  5    62
 6322   121   795   795  5    62
 4727   121   848   848  5    62
 2445   121   861   861  5    62
 2227   121   862   862  5    62
 6321   121   902   902  5    62
 6324   121   903   903  5    62
 6325   121   904   904  5    62
 6311   121   905   905  5    62
 4761   121   910   910  5    62
 5720   121   918   918  5    62
 5714   121   919   919  5    62
 6023   121   920   920  5    62
 5711   121   921   921  5    62
 4630   121   968   968  5    62
 3043   121   970   970  5    62
 3706   121   971   971  5    62
 3036   121   972   972  5    62
 2014   121   982   982  5    62
 4731   121  1006  1006  5    62
 5713   121  1020  1020  5    62
 5721   121  1021  1021  5    62
 5717   121  1022  1022  5    62
 4144   121  1023  1023  5    62
 6312   121  1059  1059  5    62
 4726   121  1060  1060  5    62
 5220   121  1126  1126  5    62
 2356   121  1127  1127  5    62
 4575   121  1128  1128  5    62
 2511   121  1129  1129  5    62
 2010   121  1136  1136  5    62
 2170   121  1146  1146  5    62
 3132   121   604   604  4    63
 4161   121   605   605  4    63
 5363   121   606   606  4    63
 3623   121   610   610  4    63
 6470   121   611   611  4    63
 2112   121   614   614  4    63
 2675   121   624   624  4    63
 4346   121   625   625  4    63
 5524   121   626   626  4    63
 3644   121   627   627  4    63
 6365   121   707   707  5    63
 3076   121   768   768  5    63
 5712   121   773   773  5    63
 4170   121  1003  1003  5    63
 2434   121  1006  1006  5    63
 6524   121  1037  1037  5    63
 2414   121  1123  1123  5    63
 5240   121  1124  1124  5    63
 4455   121   614   614  4    64
 5236   121   615   615  4    64
 3367   121   615   615  4    64
 4470   121   616   616  4    64
 4471   121   617   617  4    64
 4635   121   619   619  4    64
 1241   121   620   620  4    64
 2233   121   630   630  4    64
 3105   121   630   630  4    64
 2341   121   631   631  4    64
 6032   121   632   632  4    64
 6232   121   633   633  4    64
 6033   121   634   634  4    64
  576   121   635   635  4    64
 2202   121   637   637  4    64
 4753   121   638   638  4    64
 6416   121   639   639  4    64
 4627   121   640   640  4    64
 3063   121   646   646  4    64
 5575   121   818   818  5    64
 4360   121   819   819  5    64
 2573   121   832   832  5    64
 5241   121   846   846  5    64
 6172   121   877   877  5    64
 6173   121   878   878  5    64
 3660   121   938   938  5    64
 4534   121   987   987  5    64
 3054   121  1059  1059  5    64
 2503   121  1075  1075  5    64
 4004   121  1076  1076  5    64
 2071   121  1107  1107  5    64
 5237   121  1173  1173  5    64
 4232   121   655   655  4    65
 6424   121   656   656  4    65
 3261   121   656   656  4    65
   61   121   657   657  4    65
 5574   121   658   658  4    65
 6200   121   671   671  5    65
 6201   121   672   672  5    65
 6203   121   676   676  5    65
 2613   121   706   706  5    65
 5567   121   738   738  5    65
 4763   121   764   764  5    65
 6107   121   766   766  5    65
 5025   121   793   793  5    65
 5031   121   794   794  5    65
 2370   121   795   795  5    65
 2440   121   799   799  5    65
 4273   121   810   810  5    65
 4743   121   812   812  5    65
 3100   121   814   814  5    65
 4377   121   914   914  5    65
 5555   121   924   924  5    65
 4764   121   940   940  5    65
 4762   121   941   941  5    65
 4452   121   990   990  5    65
 6212   121  1008  1008  5    65
 3077   121  1039  1039  5    65
 5441   121  1063  1063  5    65
 4532   121  1071  1071  5    65
 3571   121  1072  1072  5    65
 3400   121   672   672  4    66
 2527   121   681   681  4    66
 1012   121   682   682  4    66
 2213   121   684   684  5    66
 6045   121   685   685  5    66
 6113   121   686   686  5    66
 5752   121   692   692  5    66
 5423   121   693   693  5    66
 2616   121   722   722  5    66
 4405   121   723   723  5    66
 4531   121   761   761  5    66
 2562   121   762   762  5    66
 5124   121   780   780  5    66
 2246   121   780   780  5    66
 1000   121   783   783  5    66
 4277   121   784   784  5    66
 4426   121   785   785  5    66
 2771   121   797   797  5    66
 5001   121   799   799  5    66
 3662   121   801   801  5    66
 2561   121   802   802  5    66
 3512   121   803   803  5    66
 5444   121   804   804  5    66
 5445   121   805   805  5    66
 2365   121   827   827  5    66
 5762   121   830   830  5    66
 3223   121   838   838  5    66
 3576   121   840   840  5    66
 3307   121   840   840  5    66
 3176   121   841   841  5    66
 3550   121   842   842  5    66
 3364   121   842   842  5    66
 5332   121   846   846  5    66
 3055   121   847   847  5    66
 2222   121   849   849  5    66
 3062   121   850   850  5    66
 3407   121   850   850  5    66
 4262   121   851   851  5    66
 3410   121   851   851  5    66
 3211   121   853   853  5    66
 4220   121   879   879  5    66
 3764   121   880   880  5    66
 2740   121   881   881  5    66
 2772   121   882   882  5    66
 5221   121   883   883  5    66
 6026   121   886   886  5    66
 3003   121   887   887  5    66
 4163   121   888   888  5    66
 2455   121   889   889  5    66
 3170   121   890   890  5    66
 4270   121   891   891  5    66
 4267   121   892   892  5    66
 6171   121   894   894  5    66
 6170   121   895   895  5    66
 2556   121   896   896  5    66
 2557   121   897   897  5    66
 3050   121   898   898  5    66
 3051   121   899   899  5    66
 3052   121   900   900  5    66
 3053   121   901   901  5    66
 2065   121   902   902  5    66
 2251   121   903   903  5    66
 2031   121   907   907  5    66
 4131   121   908   908  5    66
 2424   121   910   910  5    66
 2143   121   911   911  5    66
 4074   121   912   912  5    66
 2060   121   913   913  5    66
 3405   121   913   913  5    66
 2062   121   914   914  5    66
 3526   121   915   915  5    66
 3145   121   916   916  5    66
 2142   121   917   917  5    66
 2145   121   918   918  5    66
 2707   121   918   918  5    66
 3774   121   920   920  5    66
 4073   121   922   922  5    66
 5704   121   923   923  5    66
 5525   121   924   924  5    66
 5166   121   925   925  5    66
 3463   121   926   926  5    66
 5554   121   927   927  5    66
 2336   121   931   931  5    66
 4313   121   954   954  5    66
 6602   121   955   955  5    66
 5772   121   956   956  5    66
 5740   121   959   959  5    66
 2560   121   960   960  5    66
 3701   121   961   961  5    66
 5425   121   963   963  5    66
 5424   121   964   964  5    66
 4716   121   965   965  5    66
 3313   121   965   965  5    66
 4744   121   966   966  5    66
 4776   121   967   967  5    66
 4037   121   969   969  5    66
  122   121   970   970  5    66
 2546   121   971   971  5    66
 2547   121   972   972  5    66
 2576   121   973   973  5    66
 2035   121   974   974  5    66
 2167   121   975   975  5    66
 5036   121   976   976  5    66
 4076   121   976   976  5    66
 4137   121   977   977  5    66
 4140   121   978   978  5    66
 4264   121   979   979  5    66
 4265   121   980   980  5    66
 4266   121   981   981  5    66
 3743   121   982   982  5    66
 4042   121   983   983  5    66
 4675   121   984   984  5    66
 4075   121   985   985  5    66
 6623   121   986   986  5    66
 6711   121   987   987  5    66
 3332   121   988   988  5    66
 3642   121   989   989  5    66
 2662   121   990   990  5    66
 4576   121   992   992  5    66
 4737   121   993   993  5    66
 3157   121   994   994  5    66
 3374   121   997   997  5    66
 6110   121   998   998  5    66
 5076   121   999   999  5    66
 4555   121  1001  1001  5    66
 4434   121  1002  1002  5    66
 6275   121  1003  1003  5    66
 5177   121  1004  1004  5    66
 2303   121  1005  1005  5    66
 2203   121  1006  1006  5    66
 3352   121  1007  1007  5    66
  366   121  1008  1008  5    66
 4370   121  1009  1009  5    66
 2567   121  1029  1029  5    66
 4333   121  1030  1030  5    66
  607   121  1031  1031  5    66
 2661   121  1032  1032  5    66
 2463   121  1033  1033  5    66
 4257   121  1034  1034  5    66
 2706   121  1035  1035  5    66
 5040   121  1036  1036  5    66
  561   121  1037  1037  5    66
  634   121  1039  1039  5    66
  465   121  1040  1040  5    66
   24   121  1041  1041  5    66
 3254   121  1041  1041  5    66
  173   121  1042  1042  5    66
  174   121  1043  1043  5    66
 3731   121  1043  1043  5    66
 3372   121  1044  1044  5    66
 4337   121  1046  1046  5    66
 3031   121  1048  1048  5    66
 2322   121  1053  1053  5    66
 3645   121  1056  1056  5    66
  126   121  1057  1057  5    66
 2723   121  1057  1057  5    66
 4330   121  1058  1058  5    66
 3114   121  1059  1059  5    66
 4445   121  1061  1061  5    66
 4502   121  1062  1062  5    66
 2610   121  1063  1063  5    66
 3034   121  1063  1063  5    66
  100   121  1064  1064  5    66
 2521   121  1065  1065  5    66
 4000   121  1066  1066  5    66
  360   121  1067  1067  5    66
 5415   121  1068  1068  5    66
 6014   121  1069  1069  5    66
 6771   121  1070  1070  5    66
 6401   121  1071  1071  5    66
 2774   121  1071  1071  5    66
 6547   121  1072  1072  5    66
 3772   121  1073  1073  5    66
 5130   121  1075  1075  5    66
 2462   121  1076  1076  5    66
 2151   121  1076  1076  5    66
 5234   121  1081  1081  5    66
 3042   121  1091  1091  5    66
 2324   121  1109  1109  5    66
 2252   121  1110  1110  5    66
   20   121  1111  1111  5    66
  435   121  1112  1112  5    66
  773   121  1113  1113  5    66
 3133   121  1113  1113  5    66
 1150   121  1114  1114  5    66
 2300   121  1123  1123  5    66
 3273   121  1126  1126  5    66
  364   121  1130  1130  5    66
  354   121  1131  1131  5    66
 2021   121  1132  1132  5    66
 3045   121  1172  1172  5    66
 3707   121  1178  1178  5    66
 3035   121  1183  1183  5    66
 3152   121  1185  1185  5    66
 4734   121  1187  1187  5    66
 3713   121   874   874  4    67
 3331   121  1137  1137  5    67
 3641   121  1138  1138  5    67
 4254   121  1139  1139  5    67
 4207   121  1141  1141  5    67
 4677   121  1142  1142  5    67
 5534   121  1143  1143  5    67
 1003   121   879   879  4    68
 5125   121   929   929  5    68
 3245   121   929   929  5    68
 4626   121   930   930  5    68
 6703   121   933   933  5    68
 2261   121   934   934  5    68
 3700   121   940   940  5    68
 5517   121   976   976  5    68
 5142   121   977   977  5    68
 5706   121  1064  1064  5    68
 5322   121  1082  1082  5    68
 2473   121  1088  1088  5    68
 2751   121  1088  1088  5    68
 2753   121  1088  1088  5    68
 2474   121  1089  1089  5    68
 3770   121  1089  1089  5    68
 3127   121  1101  1101  5    68
 2461   121  1107  1107  5    68
 6366   121  1110  1110  5    68
 6367   121  1111  1111  5    68
 6370   121  1112  1112  5    68
 2727   121  1112  1112  5    68
 6371   121  1113  1113  5    68
 2315   121  1114  1114  5    68
 3511   121  1116  1116  5    68
 3557   121  1117  1117  5    68
 4304   121  1118  1118  5    68
 5333   121  1119  1119  5    68
 5334   121  1120  1120  5    68
 4355   121  1141  1141  5    68
 4212   121  1142  1142  5    68
 5013   121  1143  1143  5    68
 5364   121   909   909  4    69
 4437   121   910   910  4    69
 3032   121   912   912  4    69
 3131   121   971   971  5    69
 3712   121  1025  1025  5    69
 5243   121  1037  1037  5    69
 5245   121  1038  1038  5    69
 5576   121  1039  1039  5    69
 6573   121  1040  1040  5    69
 6575   121  1041  1041  5    69
 5244   121  1044  1044  5    69
 4664   121  1045  1045  5    69
 4361   121  1046  1046  5    69
 3140   121  1047  1047  5    69
 4556   121  1056  1056  5    69
 1037   121  1058  1058  5    69
 5537   121  1070  1070  5    69
 3727   121  1072  1072  5    69
 4352   121  1073  1073  5    69
 4353   121  1074  1074  5    69
 2417   121  1075  1075  5    69
  415   121  1087  1087  5    69
 6247   121  1104  1104  5    69
 5027   121  1117  1117  5    69
 3603   121  1141  1141  5    69
 6215   121  1171  1171  5    69
  150   121  1174  1174  5    69
 5225   121  1175  1175  5    69
 3204   121  1177  1177  5    69
 5735   121  1178  1178  5    69
 6011   121  1189  1189  5    69
 3420   121   945   945  5    70
 2432   121   946   946  5    70
 7050   121   947   947  5    70
 7111   121   948   948  5    70
 5121   121   949   949  5    70
 3611   121   950   950  5    70
 3156   121   952   952  5    70
 3610   121   953   953  5    70
 3507   121   954   954  5    70
 2531   121   956   956  5    70
 2273   121   966   966  5    70
 4331   121   967   967  5    70
 6343   121   968   968  5    70
 3545   121   969   969  5    70
 3625   121   970   970  5    70
 3142   121   971   971  5    70
 4441   121   972   972  5    70
   35   121   974   974  5    70
 4406   121   986   986  5    70
 4703   121  1029  1029  5    70
 4770   121  1030  1030  5    70
 5134   121  1031  1031  5    70
 3171   121  1032  1032  5    70
 3617   121  1033  1033  5    70
 3446   121  1034  1034  5    70
 4275   121  1038  1038  5    70
 5600   121  1039  1039  5    70
 6105   121  1040  1040  5    70
 3147   121  1040  1040  5    70
 6341   121  1041  1041  5    70
 3242   121  1041  1041  5    70
 4121   121  1042  1042  5    70
 3247   121  1093  1093  5    70
 5414   121  1094  1094  5    70
 2721   121  1095  1095  5    70
 3441   121  1109  1109  5    70
 4133   121  1110  1110  5    70
 4444   121  1111  1111  5    70
 5077   121  1112  1112  5    70
 1267   121   979   979  4    71
 5526   121  1055  1055  5    71
 3116   121  1056  1056  5    71
 3123   121  1057  1057  5    71
 5763   121  1059  1059  5    71
 3173   121  1059  1059  5    71
 2426   121  1060  1060  5    71
 2425   121  1061  1061  5    71
 3601   121  1063  1063  5    71
 5160   121  1064  1064  5    71
 6425   121  1065  1065  5    71
 3745   121  1066  1066  5    71
 3172   121  1070  1070  5    71
 5646   121  1074  1074  5    71
 5647   121  1075  1075  5    71
 3510   121  1076  1076  5    71
 7064   121  1088  1088  5    71
 4347   121  1089  1089  5    71
 5252   121  1090  1090  5    71
 3312   121  1090  1090  5    71
 3560   121  1094  1094  5    71
 2442   121  1096  1096  5    71
 7025   121  1113  1113  5    71
 3634   121  1114  1114  5    71
 3624   121  1115  1115  5    71
 3661   121  1116  1116  5    71
 5504   121  1117  1117  5    71
 3174   121  1138  1138  5    71
 3505   121  1142  1142  5    71
 3556   121  1143  1143  5    71
 6471   121  1144  1144  5    71
 3726   121  1145  1145  5    71
 4750   121  1146  1146  5    71
 4436   121  1147  1147  5    71
 2034   121  1148  1148  5    71
  664   121  1149  1149  5    71
 2563   121  1150  1150  5    71
 6351   121  1151  1151  5    71
 2752   121  1152  1152  5    71
 6535   121  1153  1153  5    71
 6533   121  1154  1154  5    71
 4253   121  1156  1156  5    71
 5030   121  1157  1157  5    71
 3310   121  1157  1157  5    71
 5057   121  1158  1158  5    71
 5751   121  1159  1159  5    71
 4707   121  1161  1161  5    71
 4477   121  1162  1162  5    71
 5514   121  1163  1163  5    71
   31   121  1165  1165  5    71
 4632   121  1183  1183  5    71
 3673   121  1184  1184  5    71
 4153   121  1185  1185  5    71
 4003   121  1186  1186  5    71
 3037   121  1187  1187  5    71
 3041   121  1188  1188  5    71
 3040   121  1189  1189  5    71
 3106   121  1190  1190  5    71
 2305   121  1191  1191  5    71
 2325   121  1192  1192  5    71
 3663   121  1193  1193  5    71
 2701   121  1194  1194  5    71
 2102   121  1197  1197  5    71
 6166   121  1203  1203  5    71
 2510   121  1214  1214  5    71
 4574   121  1215  1215  5    71
 6614   121  1045  1045  5    72
 2524   121  1046  1046  5    72
 6436   121  1047  1047  5    72
 5705   121  1048  1048  5    72
 3005   121  1093  1093  5    72
 5141   121  1102  1102  5    72
 5112   121  1103  1103  5    72
 4251   121  1111  1111  5    72
 4256   121  1112  1112  5    72
 4174   121  1121  1121  5    72
 4715   121  1122  1122  5    72
 3353   121  1122  1122  5    72
 3431   121  1123  1123  5    72
 4226   121  1131  1131  5    72
 4373   121  1132  1132  5    72
 3144   121  1147  1147  5    72
 6115   121  1148  1148  5    72
 6707   121  1149  1149  5    72
 4127   121  1150  1150  5    72
 6016   121  1151  1151  5    72
 5426   121  1152  1152  5    72
 4456   121  1153  1153  5    72
 4040   121  1154  1154  5    72
 2076   121  1155  1155  5    72
 4252   121  1156  1156  5    72
 4146   121  1157  1157  5    72
 3047   121  1159  1159  5    72
 4243   121  1160  1160  5    72
 2103   121  1161  1161  5    72
 2067   121  1162  1162  5    72
 2754   121  1163  1163  5    72
 5315   121  1165  1165  5    72
 3574   121  1166  1166  5    72
 2172   121  1215  1215  5    72
  774   121  1105  1105  5    73
 5011   121  1106  1106  5    73
 3501   121  1128  1128  5    73
 1145   121  1129  1129  5    73
 3317   121  1167  1167  5    73
 4551   121  1171  1171  5    73
 5100   121  1172  1172  5    73
 4401   121  1173  1173  5    73
 4606   121  1174  1174  5    73
 5053   121  1175  1175  5    73
 5054   121  1176  1176  5    73
 4756   121  1177  1177  5    73
 2124   121  1180  1180  5    73
 3343   121  1104  1104  5    74
 5167   121  1115  1115  5    74
 2611   121  1117  1117  5    74
 4733   121  1128  1128  6    74
 3345   121  1162  1162  5    74
 3333   121  1163  1163  5    74
 4110   121  1173  1173  5    74
 2025   121  1174  1174  5    74
 4526   121  1178  1178  5    74
 1021   121  1179  1179  5    74
 2173   121  1201  1201  6    74
 5716   121  1218  1218  6    74
 6314   121  1286  1286  6    74
 3755   121  1286  1286  6    74
 6316   121  1287  1287  6    74
 6313   121  1309  1309  6    74
 4730   121  1353  1353  6    74
 4732   121  1357  1357  6    74
 6315   121  1455  1455  6    74
 5722   121  1549  1549  6    74
 6134   121  1551  1551  6    74
 2171   121  1585  1585  6    74
 3217   121  1818  1818  6    74
 2361   121  1820  1820  6    74
 2536   121  1821  1821  6    74
 5052   121  1823  1823  6    74
 3514   121  1121  1121  5    75
 4142   121  1122  1122  5    75
 3270   121  1122  1122  5    75
 3074   121  1123  1123  5    75
 5043   121  1125  1125  5    75
 3210   121  1125  1125  5    75
 5354   121  1126  1126  5    75
 3255   121  1133  1133  5    75
 4023   121  1136  1136  5    75
 5024   121  1137  1137  5    75
 3323   121  1137  1137  5    75
 5736   121  1138  1138  5    75
 3151   121  1139  1139  5    75
 2137   121  1145  1145  5    75
 1265   121  1158  1158  5    75
 2150   121  1161  1161  5    75
 6705   121  1176  1176  5    75
 3363   121  1176  1176  5    75
 6034   121  1177  1177  5    75
 5776   121  1182  1182  5    75
 6000   121  1188  1188  5    75
 5235   121  1194  1194  5    75
 6515   121  1209  1209  5    75
 5172   121  1210  1210  5    75
 5026   121  1211  1211  5    75
 5463   121  1212  1212  5    75
 4500   121  1213  1213  5    75
 2704   121  1214  1214  5    75
 6532   121  1452  1452  6    75
 4704   121  1147  1147  5    76
 4157   121  1148  1148  5    76
 2532   121  1149  1149  5    76
 6153   121  1154  1154  5    76
 5154   121  1155  1155  5    76
 6233   121  1168  1168  5    76
 6031   121  1173  1173  5    76
 5774   121  1182  1182  5    76
 3470   121  1183  1183  5    76
 3646   121  1184  1184  5    76
 3440   121  1185  1185  5    76
 2106   121  1186  1186  5    76
 2422   121  1187  1187  5    76
 5674   121  1200  1200  5    76
 2344   121  1201  1201  5    76
 2427   121  1206  1206  5    76
 6373   121  1207  1207  5    76
 2733   121  1207  1207  5    76
 1127   121  1208  1208  5    76
 3604   121  1210  1210  5    76
 2635   121  1211  1211  5    76
 4354   121  1212  1212  5    76
 5336   121  1213  1213  5    76
 6523   121  1214  1214  5    76
 2525   121  1216  1216  5    76
 2526   121  1217  1217  5    76
  234   121  1218  1218  5    76
  563   121  1219  1219  5    76
  564   121  1220  1220  5    76
  702   121  1221  1221  5    76
  761   121  1222  1222  5    76
 4221   121  1224  1224  5    76
 2430   121  1225  1225  5    76
 4151   121  1226  1226  5    76
 2431   121  1227  1227  5    76
 4233   121  1228  1228  5    76
 4503   121  1229  1229  5    76
 2011   121  1231  1231  5    76
 4213   121  1233  1233  5    76
 4540   121  1346  1346  6    76
 4541   121  1347  1347  6    76
 4542   121  1349  1349  6    76
 4536   121  1350  1350  6    76
 4535   121  1350  1350  6    76
 4154   121  1407  1407  6    76
 5462   121  1448  1448  6    76
 3562   121  1487  1487  6    76
 2501   121  1225  1225  5    77
 3542   121  1226  1226  5    77
 4553   121  1227  1227  5    77
 6001   121  1228  1228  5    77
 5777   121  1229  1229  5    77
 5607   121  1230  1230  5    77
 5560   121  1231  1231  5    77
 5710   121  1232  1232  5    77
 4557   121  1233  1233  5    77
 2443   121  1234  1234  5    77
 1023   121  1236  1236  5    77
 4623   121  1238  1238  5    77
 5633   121  1305  1305  6    77
 4501   121  1306  1306  6    77
 4316   121  1369  1369  6    77
 4317   121  1370  1370  6    77
 5152   121  1371  1371  6    77
 3336   121  1482  1482  6    77
 3207   121  1515  1515  6    77
 5136   121  1558  1558  6    77
 2301   121  1575  1575  6    77
 3451   121  1658  1658  6    77
 5133   121  1660  1660  6    77
 5153   121  1725  1725  6    77
 3256   121  1214  1214  5    78
 5155   121  1222  1222  5    78
 3555   121  1224  1224  5    78
 2205   121  1226  1226  5    78
 3305   121  1226  1226  5    78
 3066   121  1227  1227  5    78
 4667   121  1231  1231  5    78
 5644   121  1232  1232  5    78
 2110   121  1236  1236  5    78
 3773   121  1241  1241  5    78
 2416   121  1242  1242  5    78
 3523   121  1244  1244  5    78
 3277   121  1344  1344  6    78
 2371   121  1378  1378  6    78
 2655   121  1416  1416  6    78
 3107   121  1417  1417  6    78
 5131   121  1425  1425  6    78
 5132   121  1426  1426  6    78
 2641   121  1427  1427  6    78
 3021   121  1427  1427  6    78
 2642   121  1428  1428  6    78
 3150   121  1428  1428  6    78
 2643   121  1429  1429  6    78
 2644   121  1430  1430  6    78
 3506   121  1431  1431  6    78
 3657   121  1432  1432  6    78
 4016   121  1433  1433  6    78
 4017   121  1434  1434  6    78
 4235   121  1435  1435  6    78
 4236   121  1436  1436  6    78
 4560   121  1437  1437  6    78
 5455   121  1437  1437  6    78
 4561   121  1438  1438  6    78
 3413   121  1439  1439  6    78
 4735   121  1441  1441  6    78
 2310   121  1443  1443  6    78
 3716   121  1445  1445  6    78
 3103   121  1446  1446  6    78
 4435   121  1449  1449  6    78
 5253   121  1450  1450  6    78
 5457   121  1454  1454  6    78
 5460   121  1455  1455  6    78
 5461   121  1456  1456  6    78
 5743   121  1457  1457  6    78
 5744   121  1458  1458  6    78
 2437   121  1458  1458  6    78
 5745   121  1459  1459  6    78
 5746   121  1460  1460  6    78
 5747   121  1461  1461  6    78
 2330   121  1461  1461  6    78
 5750   121  1462  1462  6    78
 3541   121  1463  1463  6    78
 4106   121  1464  1464  6    78
 5365   121  1465  1465  6    78
 2420   121  1466  1466  6    78
 3251   121  1469  1469  6    78
 4450   121  1476  1476  6    78
 2255   121  1477  1477  6    78
 5256   121  1484  1484  6    78
 5104   121  1485  1485  6    78
 4736   121  1486  1486  6    78
 3065   121  1488  1488  6    78
 6723   121  1495  1495  6    78
 4314   121  1496  1496  6    78
 5553   121  1520  1520  6    78
 4533   121  1527  1527  6    78
 5200   121  1553  1553  6    78
 5176   121  1598  1598  6    78
 2677   121  1618  1618  6    78
 6624   121  1656  1656  6    78
 3447   121  1683  1683  6    78
 4714   121  1684  1684  6    78
 6130   121  1685  1685  6    78
 4150   121  1686  1686  6    78
 7073   121  1687  1687  6    78
 2160   121  1688  1688  6    78
 4056   121  1689  1689  6    78
 2254   121  1690  1690  6    78
 4060   121  1691  1691  6    78
 4054   121  1692  1692  6    78
 2656   121  1693  1693  6    78
 2626   121  1694  1694  6    78
 3460   121  1731  1731  6    78
 5673   121  1732  1732  6    78
 4057   121  1733  1733  6    78
 2277   121  1734  1734  6    78
 4053   121  1735  1735  6    78
 4055   121  1736  1736  6    78
 2253   121  1737  1737  6    78
 2636   121  1738  1738  6    78
 5216   121  1764  1764  6    78
 6660   121  1320  1320  5    79
 3402   121  1323  1323  6    79
 6710   121  1329  1329  5    79
 4120   121  1330  1330  5    79
 6051   121  1344  1344  6    79
 3443   121  1345  1345  6    79
 3736   121  1346  1346  6    79
 4014   121  1347  1347  6    79
 5254   121  1348  1348  6    79
 6046   121  1349  1349  6    79
 6047   121  1350  1350  6    79
 6050   121  1351  1351  6    79
 4015   121  1352  1352  6    79
 4473   121  1359  1359  6    79
 3073   121  1395  1395  6    79
 3477   121  1397  1397  6    79
 4225   121  1398  1398  6    79
  644   121  1524  1524  6    79
 5521   121  1563  1563  6    79
 2362   121  1564  1564  6    79
 3472   121  1565  1565  6    79
 3250   121  1565  1565  6    79
 2104   121  1566  1566  6    79
 2732   121  1583  1583  6    79
 6566   121  1586  1586  6    79
 5520   121  1599  1599  6    79
 4210   121  1604  1604  6    79
 4211   121  1605  1605  6    79
 3637   121  1606  1606  6    79
 3640   121  1607  1607  6    79
 4633   121  1609  1609  6    79
 5005   121  1610  1610  6    79
 5162   121  1611  1611  6    79
 5427   121  1612  1612  6    79
 5430   121  1613  1613  6    79
 6211   121  1614  1614  6    79
 2475   121  1616  1616  6    79
 5732   121  1617  1617  6    79
  325   121  1620  1620  6    79
 3146   121  1660  1660  6    79
 3220   121  1661  1661  6    79
 3136   121  1682  1682  6    79
 5507   121  1683  1683  6    79
 5505   121  1684  1684  6    79
 5506   121  1685  1685  6    79
 4766   121  1686  1686  6    79
 5510   121  1687  1687  6    79
 4765   121  1688  1688  6    79
 5723   121  1689  1689  6    79
 5727   121  1690  1690  6    79
 5724   121  1691  1691  6    79
 5726   121  1692  1692  6    79
 5725   121  1693  1693  6    79
 3516   121  1735  1735  6    79
 5411   121  1738  1738  6    79
 6775   121  1739  1739  6    79
 3143   121  1777  1777  6    79
 6101   121  1780  1780  6    79
 4020   121  1781  1781  6    79
 4152   121  1783  1783  6    79
 6604   121  1784  1784  6    79
 6762   121  1785  1785  6    79
 4656   121  1786  1786  6    79
 4657   121  1787  1787  6    79
 4660   121  1788  1788  6    79
 5321   121  1789  1789  6    79
 4603   121  1790  1790  6    79
 5571   121  1790  1790  6    79
 2673   121  1791  1791  6    79
 2672   121  1792  1792  6    79
 2763   121  1792  1792  6    79
 4573   121  1793  1793  6    79
 2764   121  1793  1793  6    79
 4572   121  1794  1794  6    79
 2762   121  1794  1794  6    79
 4571   121  1795  1795  6    79
 2777   121  1798  1798  6    79
 2667   121  1799  1799  6    79
 2601   121  1800  1800  6    79
 2530   121  1801  1801  6    79
 2670   121  1803  1803  6    79
 2671   121  1804  1804  6    79
 2674   121  1805  1805  6    79
 2602   121  1806  1806  6    79
 2320   121  1807  1807  6    79
 2321   121  1808  1808  6    79
 2316   121  1809  1809  6    79
 2317   121  1810  1810  6    79
 4206   121  1823  1823  6    79
 2423   121  1400  1400  5    80
 7152   121  1402  1402  5    80
 3416   121  1410  1410  5    80
 3007   121  1410  1410  5    80
 3676   121  1411  1411  5    80
 4334   121  1485  1485  6    80
 3315   121  1528  1528  6    80
 3314   121  1532  1532  6    80
 3553   121  1533  1533  6    80
 4310   121  1534  1534  6    80
 5137   121  1624  1624  6    80
 5214   121  1675  1675  6    80
 5075   121  1686  1686  6    80
 6104   121  1687  1687  6    80
  116   121  1688  1688  6    80
 3552   121  1689  1689  6    80
 2444   121  1690  1690  6    80
 6526   121  1694  1694  6    80
 6530   121  1695  1695  6    80
 6527   121  1696  1696  6    80
 6525   121  1697  1697  6    80
 3165   121  1697  1697  6    80
 3630   121  1698  1698  6    80
 3515   121  1699  1699  6    80
 3432   121  1700  1700  6    80
 3546   121  1702  1702  6    80
 3627   121  1711  1711  6    80
 3417   121  1712  1712  6    80
 3752   121  1716  1716  6    80
 5742   121  1800  1800  6    80
 5262   121  1801  1801  6    80
 5476   121  1802  1802  6    80
 5477   121  1803  1803  6    80
 5500   121  1804  1804  6    80
 5501   121  1805  1805  6    80
 2513   121  1806  1806  6    80
 2514   121  1807  1807  6    80
 2515   121  1808  1808  6    80
 3622   121  1809  1809  6    80
 2571   121  1810  1810  6    80
 3474   121  1438  1438  5    81
 3667   121  1439  1439  5    81
 4021   121  1440  1440  5    81
 2340   121  1441  1441  5    81
 1261   121  1445  1445  5    81
 1204   121  1446  1446  5    81
  512   121  1447  1447  5    81
 2070   121  1498  1498  6    81
 5450   121  1537  1537  6    81
 5452   121  1542  1542  6    81
 4006   121  1542  1542  6    81
 5451   121  1544  1544  6    81
 3320   121  1544  1544  6    81
 4145   121  1545  1545  6    81
 4005   121  1545  1545  6    81
 2703   121  1549  1549  6    81
 3111   121  1549  1549  6    81
 4621   121  1554  1554  6    81
 5367   121  1555  1555  6    81
 6571   121  1591  1591  6    81
 6572   121  1592  1592  6    81
 5335   121  1593  1593  6    81
 2761   121  1608  1608  6    81
 5672   121  1611  1611  6    81
 3520   121  1613  1613  6    81
 4240   121  1614  1614  6    81
 5061   121  1675  1675  6    81
 3653   121  1691  1691  6    81
 3654   121  1692  1692  6    81
 6245   121  1717  1717  6    81
 3202   121  1759  1759  6    81
 4431   121  1774  1774  6    81
 3046   121  1790  1790  6    81
 6420   121  1791  1791  6    81
 4175   121  1792  1792  6    81
 2776   121  1793  1793  6    81
 6217   121  1794  1794  6    81
 6376   121  1795  1795  6    81
 2564   121  1796  1796  6    81
 2652   121  1798  1798  6    81
 6375   121  1482  1482  5    82
 2247   121  1483  1483  5    82
 5074   121  1484  1484  5    82
 4147   121  1487  1487  6    82
 5601   121  1488  1488  6    82
 3737   121  1493  1493  6    82
 4100   121  1494  1494  6    82
 5530   121  1495  1495  6    82
 3360   121  1508  1508  6    82
 3014   121  1514  1514  6    82
 3411   121  1519  1519  6    82
 4303   121  1520  1520  6    82
 5207   121  1564  1564  6    82
 5222   121  1565  1565  6    82
 6214   121  1566  1566  6    82
 6213   121  1567  1567  6    82
 3656   121  1571  1571  6    82
 3121   121  1572  1572  6    82
 2271   121  1574  1574  6    82
 5756   121  1575  1575  6    82
 5757   121  1576  1576  6    82
 3154   121  1578  1578  6    82
 4751   121  1579  1579  6    82
 4425   121  1580  1580  6    82
 3570   121  1581  1581  6    82
 5362   121  1583  1583  6    82
 4341   121  1584  1584  6    82
 5203   121  1585  1585  6    82
 6514   121  1586  1586  6    82
 5033   121  1590  1590  6    82
 5034   121  1591  1591  6    82
 5544   121  1592  1592  6    82
 5545   121  1593  1593  6    82
 5546   121  1594  1594  6    82
 3651   121  1594  1594  6    82
 3361   121  1594  1594  6    82
 2603   121  1595  1595  6    82
 3075   121  1596  1596  6    82
 4567   121  1597  1597  6    82
 2403   121  1598  1598  6    82
 2407   121  1599  1599  6    82
 5731   121  1601  1601  6    82
 3412   121  1602  1602  6    82
 2534   121  1603  1603  6    82
 3266   121  1603  1603  6    82
 6337   121  1606  1606  6    82
 4105   121  1648  1648  6    82
 3606   121  1649  1649  6    82
 3456   121  1650  1650  6    82
 6114   121  1665  1665  6    82
 3110   121  1666  1666  6    82
 3615   121  1667  1667  6    82
 5606   121  1668  1668  6    82
 5147   121  1669  1669  6    82
 6122   121  1670  1670  6    82
 2650   121  1671  1671  6    82
 1161   121  1672  1672  6    82
 4530   121  1713  1713  6    82
 3222   121  1720  1720  6    82
 3101   121  1754  1754  6    82
 5116   121  1755  1755  6    82
 5150   121  1756  1756  6    82
 5670   121  1757  1757  6    82
 4451   121  1759  1759  6    82
 2741   121  1760  1760  6    82
 3373   121  1778  1778  6    82
 5442   121  1780  1780  6    82
 5443   121  1781  1781  6    82
 3566   121  1788  1788  6    82
 3300   121  1788  1788  6    82
 6545   121  1789  1789  6    82
 6551   121  1553  1553  6    83
 5465   121  1561  1561  6    83
 2775   121  1565  1565  6    83
 3004   121  1566  1566  6    83
 4415   121  1567  1567  6    83
 3453   121  1568  1568  6    83
 5540   121  1571  1571  6    83
 5541   121  1572  1572  6    83
 5056   121  1573  1573  6    83
 4746   121  1574  1574  6    83
 3452   121  1575  1575  6    83
 3122   121  1578  1578  6    83
 2066   121  1581  1581  6    83
 2225   121  1617  1617  6    83
 5022   121  1623  1623  6    83
 5370   121  1624  1624  6    83
 5371   121  1625  1625  6    83
 2726   121  1630  1630  6    83
 6015   121  1632  1632  6    83
 3454   121  1633  1633  6    83
 3342   121  1636  1636  6    83
 5325   121  1643  1643  6    83
 3751   121  1646  1646  6    83
 6565   121  1648  1648  6    83
 2676   121  1649  1649  6    83
 3231   121  1656  1656  6    83
 6221   121  1657  1657  6    83
 2262   121  1659  1659  6    83
 5175   121  1662  1662  6    83
 3465   121  1663  1663  6    83
  615   121  1665  1665  6    83
 1124   121  1666  1666  6    83
 2022   121  1667  1667  6    83
 2061   121  1668  1668  6    83
 2030   121  1669  1669  6    83
 2372   121  1670  1670  6    83
 5604   121  1672  1672  6    83
 5605   121  1673  1673  6    83
 3125   121  1674  1674  6    83
 3126   121  1675  1675  6    83
 4116   121  1676  1676  6    83
 3322   121  1676  1676  6    83
 4061   121  1677  1677  6    83
 3246   121  1677  1677  6    83
 4062   121  1678  1678  6    83
 3030   121  1678  1678  6    83
 4214   121  1679  1679  6    83
 2742   121  1681  1681  6    83
 5741   121  1705  1705  6    83
 3455   121  1707  1707  6    83
 4622   121  1708  1708  6    83
 3462   121  1708  1708  6    83
 3612   121  1709  1709  6    83
 6676   121  1711  1711  6    83
 6167   121  1712  1712  6    83
  472   121  1713  1713  6    83
 1001   121  1716  1716  6    83
 1154   121  1717  1717  6    83
 5161   121  1723  1723  6    83
 5165   121  1724  1724  6    83
 5163   121  1725  1725  6    83
 2705   121  1726  1726  6    83
 3445   121  1754  1754  6    83
 5135   121  1755  1755  6    83
 3600   121  1759  1759  6    83
 2745   121  1760  1760  6    83
 3561   121  1761  1761  6    83
 4464   121  1767  1767  6    83
 5754   121  1768  1768  6    83
 5117   121  1769  1769  6    83
 5323   121  1772  1772  6    83
 5513   121  1773  1773  6    83
 3605   121  1775  1775  6    83
 5413   121  1777  1777  6    83
 7101   121  1786  1786  6    83
 3243   121  1786  1786  6    83
 4002   121  1787  1787  6    83
 4156   121  1788  1788  6    83
 5470   121  1789  1789  6    83
 5531   121  1789  1789  6    83
 5622   121  1793  1793  6    83
 4554   121  1801  1801  6    83
 4417   121  1802  1802  6    83
  543   121  1804  1804  6    83
 1010   121  1805  1805  6    83
 5004   121  1833  1833  6    83
 6613   121  1835  1835  6    83
 3160   121  1839  1839  6    83
   37   121  1840  1840  6    83
 3421   121  1844  1844  6    83
 3503   121  1845  1845  6    83
 3626   121  1846  1846  6    83
 6702   121  1849  1849  6    83
 4624   121  1850  1850  6    83
 3102   121  1851  1851  6    83
 3264   121  1642  1642  5    84
 2132   121  1645  1645  5    84
 3564   121  1707  1707  6    84
 3577   121  1708  1708  6    84
 5316   121  1709  1709  6    84
 4440   121  1710  1710  6    84
 2073   121  1711  1711  6    84
 4323   121  1714  1714  6    84
 4374   121  1715  1715  6    84
 4612   121  1716  1716  6    84
 5014   121  1719  1719  6    84
 4135   121  1723  1723  6    84
 6246   121  1781  1781  6    84
 2760   121  1789  1789  6    84
 3527   121  1791  1791  6    84
 5511   121  1792  1792  6    84
   11   121  1822  1822  6    84
   14   121  1823  1823  6    84
 5072   121  1824  1824  6    84
 5340   121  1825  1825  6    84
 5341   121  1826  1826  6    84
 4663   121  1827  1827  6    84
 4662   121  1828  1828  6    84
 5535   121  1829  1829  6    84
 5536   121  1830  1830  6    84
 6301   121  1831  1831  6    84
 6302   121  1832  1832  6    84
 4617   121  1833  1833  6    84
 4720   121  1836  1836  6    84
 5464   121  1837  1837  6    84
 2470   121  1837  1837  6    84
 5205   121  1689  1689  6    85
 3650   121  1750  1750  6    85
 3425   121  1751  1751  6    85
 5623   121  1772  1772  6    85
 4047   121  1773  1773  6    85
 3614   121  1774  1774  6    85
 3544   121  1775  1775  6    85
 5324   121  1788  1788  6    85
 4420   121  1800  1800  6    85
 3135   121  1801  1801  6    85
 3711   121  1802  1802  6    85
 4772   121  1803  1803  6    85
 2735   121  1806  1806  6    85
 3130   121  1817  1817  6    85
 3002   121  1818  1818  6    85
 4423   121  1823  1823  6    85
 4604   121  1828  1828  6    85
 4051   121  1829  1829  6    85
 5353   121  1694  1694  5    86
 2615   121  1707  1707  6    86
 646
 6012   121  1853  1853  6    86
 6013   121  1854  1854  6    86
 6607   121  1855  1855  6    86
 6473   121  1856  1856  6    86
 6774   121  1857  1857  6    86
 4113   121  1858  1858  6    86
 5122   121  1859  1859  6    86
 5202   121  1723  1723  6    87
 3547   121  1724  1724  6    87
 5523   121  1727  1727  6    87
 3473   121  1728  1728  6    87
 2454   121  1729  1729  6    87
 4255   121  1771  1771  6    87
 7026   121  1772  1772  6    87
 3163   121  1772  1772  6    87
 6541   121  1774  1774  6    87
 4027   121  1778  1778  6    87
 3267   121  1786  1786  6    87
 4234   121  1790  1790  6fa  	@@	    w( ) ?m0fA fa  f@
 82  oYKS&   Nc) `  t`#@`  t	kD2  q `! "3&  8HN  ^c	 !hXf B	 hX !A  	C$ vY @NY C&   N#  jpeAf  
@,a  "(|5$nf 1 n@  $mpH@ "f	GC8 /y mq n@?EPJ q `#
p  xF2  F= q @FpH 8/  2  FI q gc   )j  E J q B!  QP"Ls&  3  {&  F2D &`` n w* L 	   f  
        of      o  9  nqP 	h_	n	?LPH    `
 8 `S&   `  t!0NA~l`|i8 x 9A 2  @4Dx 2 &NqP 	la	f       o    o  1  nqP 	h_	 	B@    87
 4661   121  1791  1791  6    87
 4647   121  1807  1807  6    87
 6222   121  1808  1808  6    87
 6223   121  1809  1809  6    87
 4063   121  1810  1810  6    87
 4552   121  1811  1811  6    87
 4671   121  1812  1812  6    87
 5317   121  1813  1813  6    87
 5115   121  1814  1814  6    87
 5320   121  1815  1815  6    87
 5151   121  1838  1838  6    87
  470   121  1839  1839  6    87
 5703   121  1787  1787  6    88
 4315   121  1799  1799  6    88
 5643   121  1800  1800  6    88
 5753   121  1801  1801  6    88
 1015   121  1802  1802  6    88
 1135   121  1821  1821  6    88
 2702   121  1823  1823  6    88
 5512   121  1826  1826  6    88
 5264   121  1837  1837  6    88
 7100   121  1838  1838  6    88
 3325   121  1838  1838  6    88
 5421   121  1842  1842  6    88
 5106   121  1843  1843  6    88
 3674   121  1852  1852  6    88
 3666   121  1860  1860  6    88
 4134   121  1861  1861  6    88
 3723   121  1862  1862  6    88
 2451   121  1872  1872  6    88
 4537   121  1966  1966  7    88
  631   121  1764  1764  5    89
 5042   121  1765  1765  6    89
 1133   121  1806  1806  6    89
 2412   121  1808  1808  6    89
 5636   121  1809  1809  6    89
 2756   121  1810  1810  6    89
 4132   121  1811  1811  6    89
 5170   121  1812  1812  6    89
 4250   121  1813  1813  6    89
 2234   121  1815  1815  6    89
 2523   121  1822  1822  6    89
 5201   121  1827  1827  6    89
 5770   121  1828  1828  6    89
  616   121  1829  1829  6    89
  651   121  1830  1830  6    89
 3702   121  1831  1831  6    89
 2710   121  1832  1832  6    89
 4674   121  1836  1836  6    89
 6042   121  1838  1838  6    89
 3265   121  1838  1838  6    89
 6150   121  1839  1839  6    89
 4773   121  1840  1840  6    89
 2140   121  1841  1841  6    89
 3655   121  1842  1842  6    89
 5071   121  1844  1844  6    89
 2312   121  1849  1849  6    89
 3316   121  1854  1854  6    89
 4706   121  1856  1856  6    89
 4767   121  1857  1857  6    89
  410   121  1860  1860  6    89
 5570   121  1861  1861  6    89
 3734   121  1862  1862  6    89
 4115   121  1863  1863  6    89
 2375   121  1864  1864  6    89
 2114   121  1873  1873  6    89
 3532   121  1930  1930  7    89
 2465   121  1822  1822  6    90
  511   121  1840  1840  6    90
 5174   121  1864  1864  7    90
 4311   121  1866  1866  7    90
 3161   121  1806  1806  7    91
 3162   121  1807  1807  7    91
 3602   121  1814  1814  7    91
 3756   121  1815  1815  7    91
 3757   121  1816  1816  7    91
 3760   121  1817  1817  7    91
 4007   121  1818  1818  7    91
 4201   121  1819  1819  7    91
 4202   121  1820  1820  7    91
 4203   121  1821  1821  7    91
 4461   121  1822  1822  7    91
 4462   121  1823  1823  7    91
 4463   121  1824  1824  7    91
 4570   121  1825  1825  7    91
 3274   121  1840  1840  6    91
 3013   121  1841  1841  6    91
 3011   121  1842  1842  6    91
 2040   121  1843  1843  6    91
 1020   121  1844  1844  6    91
 6632   121  1845  1845  6    91
  213   121  1849  1849  6    91
   64   121  1850  1850  6    91
  455   121  1852  1852  6    91
 6242   121  1855  1855  6    91
 4653   121  1856  1856  6    91
 5635   121  1860  1860  6    91
 6423   121  1861  1861  6    91
 3522   121  1862  1862  7    91
  212   121  1863  1863  7    91
 2041   121  1871  1871  7    91
 3244   121  1878  1878  7    91
 5035   121  1898  1898  7    91
 3017   121  1927  1927  7    91
 6220   121  1929  1929  7    91
 2570   121  1947  1947  7    91
 3652   121  1949  1949  7    91
 2647   121  1951  1951  7    91
 4107   121  2057  2057  7    91
 3535   121  2098  2098  7    91
 4711   121  2100  2100  7    91
 3444   121  2103  2103  7    91
 2620   121  2104  2104  7    91
 7157   121  2105  2105  7    91
 4164   121  2107  2107  7    91
 4165   121  2108  2108  7    91
 5547   121  2109  2109  7    91
 5550   121  2110  2110  7    91
 2174   121  2111  2111  7    91
 2266   121  2112  2112  7    91
 2265   121  2113  2113  7    91
 2734   121  2114  2114  7    91
 2267   121  2115  2115  7    91
 2270   121  2116  2116  7    91
 2116   121  2117  2117  7    91
 2441   121  2118  2118  7    91
 2175   121  2119  2119  7    91
 5551   121  2120  2120  7    91
 5552   121  2121  2121  7    91
 4527   121  2122  2122  7    91
 4077   121  1863  1863  6    92
 5760   121  1864  1864  6    92
 6671   121  1869  1869  6    92
 2645   121  1889  1889  6    92
 5173   121  1894  1894  6    92
 3221   121  1867  1867  6    93
 4413   121  1869  1869  6    93
 6152   121  1871  1871  6    93
 3471   121  1890  1890  6    93
 4046   121  1894  1894  6    93
 6776   121  1896  1896  6    93
 5006   121  1897  1897  6    93
 7023   121  1898  1898  6    93
 2535   121  1900  1900  6    93
 2724   121  1901  1901  6    93
 2466   121  1902  1902  6    93
  217   121  1903  1903  6    93
 6657   121  1904  1904  6    93
 4605   121  1905  1905  6    93
  553   121  1906  1906  6    93
 7022   121  1907  1907  6    93
 3540   121  1909  1909  6    93
 3572   121  1910  1910  6    93
 2433   121  1940  1940  7    93
 3616   121  1990  1990  7    93
 2360   121  1991  1991  7    93
 3735   121  1992  1992  7    93
 6427   121  1993  1993  7    93
 7024   121  1994  1994  7    93
 2165   121  1995  1995  7    93
 4543   121  1997  1997  7    93
 4544   121  1998  1998  7    93
 4545   121  1999  1999  7    93
 4546   121  2000  2000  7    93
 4547   121  2001  2001  7    93
 4550   121  2002  2002  7    93
 5064   121  2003  2003  7    93
 5065   121  2004  2004  7    93
 5066   121  2005  2005  7    93
 5471   121  2006  2006  7    93
 5255   121  1925  1925  6    94
 5634   121  1972  1972  7    94
 3531   121  1973  1973  7    94
 4227   121  1974  1974  7    94
 5123   121  1975  1975  7    94
 3567   121  1976  1976  7    94
 3461   121  1977  1977  7    94
 5021   121  1978  1978  7    94
 3670   121  1980  1980  7    94
 3530   121  1981  1981  7    94
 4424   121  2010  2010  7    94
 3253   121  2010  2010  7    94
 4655   121  2011  2011  7    94
 4752   121  2012  2012  7    94
 5730   121  2013  2013  7    94
 3213   121  2013  2013  7    94
 4465   121  2014  2014  7    94
 5114   121  2015  2015  7    94
 6243   121  2018  2018  7    94
 4322   121  2019  2019  7    94
 4320   121  2020  2020  7    94
 4321   121  2021  2021  7    94
 2036   121  2022  2022  7    94
 2037   121  2023  2023  7    94
 2063   121  2024  2024  7    94
 2377   121  2025  2025  7    94
 2406   121  2026  2026  7    94
 3355   121  2029  2029  7    94
 3327   121  2031  2031  7    94
 4754   121  2042  2042  7    94
 6435   121  2043  2043  7    94
 7031   121  2044  2044  7    94
 6116   121  2054  2054  7    94
 6117   121  2055  2055  7    94
 6120   121  2056  2056  7    94
 6121   121  2057  2057  7    94
 2206   121  1941  1941  6    95
 2223   121  1942  1942  6    95
 2224   121  1943  1943  6    95
 2210   121  1944  1944  6    95
 2651   121  1945  1945  6    95
 2207   121  1946  1946  6    95
 2244   121  1947  1947  6    95
 4740   121  1948  1948  6    95
 4741   121  1949  1949  6    95
 5113   121  1950  1950  6    95
  342   121  1951  1951  6    95
 4205   121  1952  1952  6    95
 2026   121  1953  1953  6    95
 4676   121  1955  1955  6    95
 6647   121  1958  1958  6    95
 4362   121  1959  1959  6    95
 4613   121  1960  1960  6    95
 2074   121  2018  2018  7    95
 4475   121  2032  2032  7    95
 5044   121  2033  2033  7    95
 3720   121  2040  2040  7    95
 5577   121  2043  2043  7    95
 5164   121  2070  2070  7    95
 3263   121  1996  1996  7    96
 5277   121  2013  2013  7    96
 5300   121  2014  2014  7    96
 4223   121  2015  2015  7    96
 5542   121  2016  2016  7    96
 5543   121  2017  2017  7    96
 4117   121  2087  2087  7    96
 4467   121  2088  2088  7    96
 4400   121  2089  2089  7    96
 2343   121  2090  2090  7    96
 5420   121  2095  2095  7    96
 6600   121  2096  2096  7    96
 4411   121  2098  2098  7    96
 2770   121  2117  2117  7    96
  751   121  1980  1980  6    97
 4307   121  2007  2007  7    97
 4771   121  2008  2008  7    97
 4327   121  2009  2009  7    97
 4446   121  2010  2010  7    97
 4454   121  2011  2011  7    97
 4615   121  2012  2012  7    97
 4721   121  2013  2013  7    97
 6407   121  2014  2014  7    97
 4350   121  2015  2015  7    97
 6417   121  2024  2024  7    97
 4245   121  2027  2027  7    97
 4412   121  2044  2044  7    97
 6174   121  2089  2089  7    97
 3536   121  2119  2119  7    97
 4342   121  2120  2120  7    97
 2765   121  2121  2121  7    97
 3436   121  2122  2122  7    97
 6466   121  1995  1995  6    98
 4335   121  1996  1996  6    98
  401   121  2000  2000  7    98
  402   121  2001  2001  7    98
 4702   121  2018  2018  7    98
 4745   121  2019  2019  7    98
 3240   121  2019  2019  7    98
 4620   121  2021  2021  7    98
 4742   121  2022  2022  7    98
 2077   121  2022  2022  7    98
 2522   121  2042  2042  7    98
 5412   121  2073  2073  7    98
 5251   121  2074  2074  7    98
 2105   121  2105  2105  7    98
 2533   121  2106  2106  7    98
 3517   121  2109  2109  7    98
 3665   121  2012  2012  6    99
 4625   121  2013  2013  6    99
 5250   121  2014  2014  7    99
 4141   121  2016  2016  7    99
 5761   121  2017  2017  7    99
 4064   121  2019  2019  7    99
 5626   121  2027  2027  7    99
 5127   121  2028  2028  7    99
 6430   121  2053  2053  7    99
 2245   121  2054  2054  7    99
 5101   121  2057  2057  7    99
 5103   121  2058  2058  7    99
 6700   121  2059  2059  7    99
 6606   121  2060  2060  7    99
 6770   121  2071  2071  7    99
 6216   121  2072  2072  7    99
 3504   121  2077  2077  7    99
 6111   121  2082  2082  7    99
 6112   121  2083  2083  7    99
 5120   121  2099  2099  7    99
 6344   121  2103  2103  7    99
 6601   121  2104  2104  7    99
 2757   121  2037  2037  7   100
 2730   121  2039  2039  7   100
 4356   121  2040  2040  7   100
 3351   121  2042  2042  7   100
 4416   121  2045  2045  7   100
 4241   121  2052  2052  7   100
  152   121  2062  2062  7   100
  210   121  2063  2063  7   100
  625   121  2064  2064  7   100
  243   121  2065  2065  7   100
  626   121  2066  2066  7   100
 3234   121  2066  2066  7   100
 6244   121  2067  2067  7   100
 3733   121  2070  2070  7   100
 3466   121  2071  2071  7   100
 3761   121  2073  2073  7   100
 1164   121  2074  2074  7   100
 2373   121  2075  2075  7   100
 2232   121  2076  2076  7   100
 2231   121  2077  2077  7   100
 4614   121  2078  2078  7   100
 5007   121  2082  2082  7   100
 5346   121  2088  2088  7   100
  166   121  2089  2089  7   100
  113   121  2090  2090  7   100
 3334   121  2092  2092  7   100
 6414   121  2093  2093  7   100
 4065   121  2099  2099  7   100
 6626   121  2108  2108  7   100
 1270   121  2109  2109  7   100
 4611   121  2085  2085  7   101
 5050   121  2086  2086  7   101
 2467   121  2122  2122  7   101
 5665   121  2123  2123  7   101
 2500   121  2123  2123  7   101
 2715   121  2124  2124  7   101
 6421   121  2125  2125  7   101
 5416   121  2127  2127  7   101
 4712   121  2129  2129  7   101
 2630   121  2130  2130  7   101
 3467   121  2088  2088  7   102
 2773   121  2101  2101  7   102
 1271   121  2109  2109  7   102
 6002   121  2113  2113  7   102
 4774   121  2118  2118  7   102
 4407   121  2119  2119  7   102
 4757   121  2123  2123  8   102
  106   121  2082  2082  6   103
 4427   121  2116  2116  7   103
 4636   121  2124  2124  8   103
 4701   121  2125  2125  8   103
 3573   121  2128  2128  8   103
 3404   121  2131  2131  8   103
 3365   121  2133  2133  8   103
 4421   121  2086  2086  6   104
 6402   121  2118  2118  7   104
 5045   121  2124  2124  7   104
 6650   121  2089  2089  7   105
 3422   121  2094  2094  7   105
 3057   121  2107  2107  7   105
 5637   121  2108  2108  7   105
 6754   121  2110  2110  7   105
 2663   121  2111  2111  7   105
 4136   121  2112  2112  7   105
 6431   121  2123  2123  7   105
 6422   121  2124  2124  7   105
 5773   121  2102  2102  7   106
 5775   121  2103  2103  7   106
 4577   121  2112  2112  7   106
 5023   121  2113  2113  7   106
  225   121  2118  2118  7   106
 7077   121  2119  2119  7   106
 5767   121  2120  2120  7   106
 5765   121  2121  2121  7   106
 6003   121  2123  2123  7   106
 5051   121  2124  2124  7   106
 5140   121  2125  2125  7   106
 7110   121  2126  2126  7   106
 4114   121  2145  2145  8   106
 6577   121  2121  2121  7   107
 2411   121  2122  2122  7   107
 3715   121  2124  2124  8   107
 3442   121  2132  2132  7   107
 6673   121  2133  2133  7   107
 5111   121  2134  2134  7   107
 3012   121  2126  2126  7   108
 6175   121  2127  2127  7   108
 6633   121  2128  2128  7   108
  123   121  2130  2130  7   108
 4176   121  2165  2165  8   108
 3027   121  2166  2166  8   108
 4231   121  2124  2124  7   109
 6663   121  2127  2127  7   109
 6666   121  2128  2128  7   109
 6664   121  2129  2129  7   109
 6661   121  2130  2130  7   109
 4460   121  2133  2133  8   109
 6531   121  2134  2134  8   109
 2274   121  2135  2135  8   109
 3537   121  2136  2136  8   109
 3565   121  2137  2137  7   110
 3635   121  2139  2139  8   110
 2272   121  2139  2139  7   111
 5102   121  2153  2153  8   111
 5217   121  2139  2139  7   113
 6276   121  2140  2140  7   113
 5063   121  2164  2164  8   113
 3344   121  2165  2165  8   113
 5624   121  2154  2154  8   114
  602   121  2166  2166  8   114
 6747   121  2142  2142  7   115
 4246   121  2143  2143  7   115
 5625   121  2148  2148  8   115
 2725   121  2157  2157  8   115
 2250   121  2158  2158  8   115
 4414   121  2147  2147  7   116
 3433   121  2148  2148  8   116
 6027   121  2149  2149  8   116
 6540   121  2150  2150  8   116
 5046   121  2155  2155  8   117
  404   121  2159  2159  8   117
 2133   121  2160  2160  8   117
 2075   121  2161  2161  8   117
 3022   121  2162  2162  8   117
 5224   121  2166  2166  8   117
 3741   121  2162  2162  8   119
 4710   121  2163  2163  8   119
 3203   121  2167  2167  9   120
 6576   121  2165  2165  8   121
 5764   121  2167  2167  8   121
 5204   121  2166  2166  8   122
 5766   121  2167  2167  8   123
 6670   121  2164  2164  8   126
 6667   121  2165  2165  8   126
 6662   121  2166  2166  8   126
 6665   121  2167  2167  8   126
 6672   121  2168  2168  9   143
   p