NEC AA 7 100 4000 50
  100   .90  -24  9.00  159  .040   71  .98  -12
  200   .80  -50  8.80  141  .070   59  .83  -22
  500   .70 -120  6.50  101  .110   30  .58  -49
 1000   .68 -169  3.20   74  .120   18  .38  -60
 2000   .72  143  1.64   35  .126   11  .28  -84
 3000   .78  122  1.05   12  .129   12  .25 -147
 4000   .78  117   .75   -9  .139   10  .40  178
NEC BB 7 100 4000  50
  100   .70  -60 19.50  139  .030   59  .88  -27
  200   .62 -100 15.20  118  .050   48  .60  -40
  500   .63 -161  7.70   88  .060   33  .30  -64
 1000   .70  168  4.10   68  .070   34  .18  -73
 2000   .75  135  2.00   36  .100   33  .14 -114
 3000   .80  118  1.26   17  .133   31  .19  170
 4000   .80  114   .92   -3  .158   24  .32  157
NEC CC 7 100 4000 
  100   .60 -100 29.00  125  .020   49  .72  -38
  200   .60 -139 18.30  104  .030   46  .42  -48
  500   .65 -179  8.00   82  .040   43  .19  -66
 1000   .72  159  4.30   64  .060   46  .12  -73
 2000   .77  131  2.14   35  .100   43  .11 -124
 3000   .81  117  1.29   15  .133   39  .17  160
 4000   .80  112   .95   -4  .158   27  .32  154
NEC DD 8 100 6000 
  100   .82  -12  7.50  167  .015   87  .95   -4
  200   .82  -25  7.70  156  .030   74  .97  -10
  500   .70  -61  7.20  126  .065   53  .85  -23
 1000   .53 -121  5.20   96  .090    6  .60  -38
 2000   .50  176  2.81   61  .110   26  .12  -22
 4000   .69  118  1.30    9  .136   17  .32 -131
 5000   .75  104  1.01  -13  .118    6  .37 -172
 6000   .75  101   .82  -28  .158    6  .33  175
NEC EE 8 100 6000 
  100   .62  -28 14.80  159  .012   79  .95   -8
  200   .60  -53 13.50  139  .022   64  .90  -16
  500   .48 -113 10.00  108  .042   48  .70  -26
 1000   .45 -163  6.00   83  .055   43  .50  -33
 2000   .55  153  3.00   53  .080   43  .40  -41
 4000   .72  111  1.32    5  .132   35  .30 -122
 5000   .80  104  1.04  -15  .150   22  .35 -167
 6000   .80   98   .81  -30  .164   17  .32 -180
NEC FF 6 100 4000 
  100   .89  -15  8.70  164  .020   79  .90  -15
  200   .81  -32  8.10  152  .038   69  .90  -14
  500   .60  -78  6.50  118  .075   50  .72  -33
 1000   .47 -120  4.30   89  .100   41  .55  -40
 2000   .43  171  2.50   53  .129   31  .37  -66
 4000   .57  121  1.18    3  .186    7  .33 -130
NEC GG 6 100 4000 
  100   .65  -32 19.20  151  .015   71  .90  -15
  200   .55  -63 15.20  137  .030   62  .78  -24
  500   .40 -128  9.80  100  .048   50  .50  -39
 1000   .40 -163  5.30   78  .070   48  .35  -36
 2000   .50  151  2.66   50  .110   45  .24  -66
 4000   .63  115  1.34    5  .164   20  .22 -140
NEC HH 6 100 4000 
  100   .85  -38  8.00  151  .032   67  .90  -12
  200   .80  -71  6.80  131  .055   52  .82  -20
  500   .63 -134  4.10   94  .085   33  .61  -31
 1000   .62 -175  2.30   64  .100   26  .52  -41
 2000   .70  145  1.20   25  .110   28  .45  -76
 4000   .80  111   .48  -27  .150   19  .61  121
NEC II 6 100 4000 
  100   .68  -72 16.43  132  .028   54  .80  -22
  200   .63 -118 11.70  109  .038   44  .62  -27
  500   .63 -166  5.30   81  .050   41  .47  -28
 1000   .65  168  2.84   56  .070   43  .41  -33
 2000   .75  140  1.32   23  .094   43  .39  -71
 4000   .82  108   .50  -27  .160   30  .58  122
NEC JJ 6 100 4000 
  100   .60 -110 20.54  120  .020   49  .50  -24
  200   .61 -142 12.64   99  .025   47  .55  -22
  500   .65 -178  5.50   77  .040   50  .45  -21
 1000   .70  163  2.84   53  .060   49  .42  -30
 2000   .78  136  1.32   21  .088   53  .40  -69
 4000   .85  105   .50  -27  .170   39  .52  124
NEC KK 6 100 3000 
  100   .82  -28  7.00  158  .052   74  .92  -15
  200   .75  -48  6.20  141  .090   64  .80  -27
  500   .57 -111  4.50  100  .133   36  .52  -61
 1000   .48 -158  2.60   74  .170   28  .32  -75
 2000   .55  148  1.36   31  .200   15  .21 -114
 3000   .60  122   .98    5  .250    0  .25 -177
NEC LL 6 100 3000 
  100   .60  -70 16.40  137  .040   61  .80  -33
  200   .52 -110 12.64  117  .052   54  .55  -48
  500   .52 -164  6.00   85  .075   42  .25  -80
 1000   .57  168  3.20   66  .110   46  .13 -100
 2000   .62  135  1.58   31  .160   33  .16 -156
 3000   .70  115  1.17    8  .210   18  .25  158
NEC MM 6 2000 10000 
2000 .966 -39 1.916 139 .021 64 .812 -26
3000 .908 -64 2.016 114 .034 43 .818 -42
4000 .893 -91 1.947 89 .043 26 .767 -61 
6000 .799 -141 1.758 48 .033 3 .725 -97 
8000 .743 -178 1.478 21 .028 20 .732 -126 
10000 .72 151 1.23 -24 .03 18 .809 -158 
NEC NN 6 2000 10000 
2000 .921 -40 2.123 138 .014 64 .771 -25
3000 .874 -65 2.058 114 .023 45 .727 -39
4000 .89 -94 2.203 89 .028 38 .759 -59
6000 .794 -144 1.951 46 .018 16 .707 -93
8000 .736 179 1.675 20 .033 52 .727 -124
10000 .704 149 1.392 -24 .041 42 .81 -155 
NEC OO 8 2000 15000 
2000 .979 -13 1.629 165 .02 89 .824 -2
3000 .898 -25 1.578 156 .022 83 .774 -11
4000 .895 -28 1.404 155 .027 93 .781 -14
6000 .906 -36 1.355 151 .03 112 .814 -22
8000 .749 -57 1.423 134 .041 107 .803 -15 
10000 .647 -82 1.493 118 .051 103 .756 -16
12000 .59 -110 1.428 103 .088 89 .609 -38 
15000 .578 -146 .998 75 .098 81 .737 -80
NEC PP 8 2000 15000 
2000 .973 -17 1.865 163 .016 90 .811 -1 
3000 .874 -31 1.768 152 .021 87 .768 -10
4000 .872 -34 1.578 151 .02 99 .764 -13 
6000 .863 -47 1.457 144 .024 123 .811 -16 
8000 .687 -74 1.547 128 .031 139 .783 -15 
10000 .579 -102 1.549 109 .041 128 .757 -14 
12000 .573 -130 1.422 98 .062 109 .639 -33
15000 .556 -165 .975 69 .09 100 .765 -88
NEC QQ 6 2000 10000 
2000 .941 -42 2.368 133 .022 60 .797 -26
3000 .892 -63 2.631 113 .034 52 .772 -41
4000 .802 -89 2.52 81 .038 22 .719 -59
6000 .716 -137 2.188 39 .02 69 .682 -94 
8000 .71 -178 1.506 -7 .054 61 .708 -137
10000 .73 151 .988 -63 .094 40 .849 -171
NEC RR 6 2000 10000 
2000 .93 -42 2.88 131 .025 65 .67 -27 
3000 .87 -67 3.13 111 .045 48 .65 -43 
4000 .78 -93 3.03 79 .058 28 .55 -63
6000 .68 -141 2.51 38 .046 14 .56 -100
8000 .69 176 1.77 -9 .054 46 .68 -137 
10000 .73 144 1.16 -67 .086 34 .77 -171 
NEC SS 8 2000 14000 
2000 .967 -12 1.967 166 .017 91 .701 -3 
3000 .921 -23 1.898 158 .024 95 .749 -13
4000 .879 -25 1.68 157 .021 105 .751 -15
6000 .887 -31 1.568 155 .024 125 .822 -20 
8000 .751 -54 1.667 139 .029 138 .784 -23 
10000 .715 -72 1.661 126 .04 141 .739 -24 
12000 .625 -92 1.572 115 .059 135 .619 -43
14000 .604 -114 1.297 89 .076 121 .738 -83
NEC TT 8 2000 14000 
2000 .961 -14 2.485 105 .013 91 .793 -3 
3000 .878 -24 2.311 157 .013 100 .747 -12 
4000 .855 -27 2.069 156 .015 114 .754 -14 
6000 .854 -35 1.77 156 .018 152 .821 -18
8000 .717 -57 2.223 138 .028 171 .851 -20 
10000 .674 -75 1.983 125 .041 166 .762 -21
12000 .602 -98 1.866 113 .056 156 .611 -30
14000 .582 -121 1.495 87 .077 139 .761 -79
NEC UU 8 500 4000
500 .68 -115 6.73 110 .09 34 .55 -62
1000 .65 -163 3.7 80 .11 19 .35 -87
1500 .65 179 2.77 66 .11 16 .30 -98 
2000 .65 163 2.15 51 .12 20 .27 -109
2500 .65 151 1.75 38 .13 20 .27 -121
3000 .66 139 1.48 26 .14 21 .28 -135
3500 .67 129 1.27 13 .16 24 .32 -148
4000 .67 118 1.14 2 .25 32 .37 -163 
NEC VV 8 500 4000
500 .66 -161 9.26 96 .05 38 .31 -90 
1000 .68 173 4.53 73 .06 42 .21 -117
1500 .69 161 3.33 62 .08 43 .19 -128
2000 .69 150 2.55 50 .10 47 .18 -137
2500 .69 141 2.06 38 .12 44 .19 -147
3000 .69 131 1.73 27 .15 40 .21 -158
3500 .70 122 1.49 16 .18 38 .25 -167
4000 .68 113 1.32 5 .28 36 .30 -176 
NEC WW 8 500 4000 
500 .55 -119 10.53 106 .05 42 .51 -43 
1000 .51 -160 5.92 82 .06 40 .37 -48
1500 .51 176 3.96 67 .08 36 .32 -54 
2000 .44 162 2.90 53 .11 48 .32 -55 
2500 .47 150 2.35 41 .13 46 .31 -66 
3000 .50 139 1.95 31 .15 47 .30 -81 
3500 .54 131 1.69 19 .18 49 .31 -100
4000 .57 175 1.48 9 .27 54 .38 -125 
NEC XX 8 500 4000 
500 .53 -147 11.49 97 .03 45 .42 -40
1000 .55 -175 6.01 77 .05 46 .33 -41
1500 .56 167 3.97 63 .06 43 .30 -47 
2000 .50 155 2.88 51 .10 56 .33 -49 
2500 .53 144 2.33 38 .12 55 .32 -61 
3000 .56 135 1.92 29 .14 55 .31 -77 
3500 .60 128 1.65 17 .18 56 .33 -97 
4000 .62 122 1.45 7 .25 57 .39 -124 
NEC YY 8 1000 8000
1000 .69 -83 7.03 115 .07 45 .74 -35
1500 .56 -110 5.18 96 .08 35 .64 -44
2000 .51 -131 4.14 82 .08 31 .57 -51
3000 .45 -165 2.97 60 .10 26 .50 -65
4000 .47 166 2.26 40 .11 18 .45 -83 
5000 .52 150 1.80 21 .12 13 .44 -103
6500 .55 140 1.35 -1 .12 8 .52 -131 
8000 .50 135 1.07 -19 .14 4 .62 -147
NEC ZZ 8 1000 8000
1000 .54 -113 9.34 103 .05 41 .58 -42 
1500 .48 -138 6.50 87 .06 37 .48 -48
2000 .46 -157 5.09 75 .07 37 .44 -53
3000 .45 174 3.48 56 .08 35 .38 -66 
4000 .48 152 2.59 38 .10 30 .36 -83 
5000 .53 140 2.06 21 .11 25 .37 -104
6500 .55 132 1.56 0 .13 18 .45 -132 
8000 .49 127 1.25 -18 .15 11 .56 -147 
NEC S1 8 100 2000 
100 .82 -25 19.60 159 .01 75 .94 -12
200 .74 -49 17.52 143 .03 68 .85 -22
400 .59 -83 12.97 121 .04 55 .67 -32
600 .49 -107 9.61 106 .05 52 .55 -36
800 .43 -124 7.71 97 .06 55 .50 -37 
1000 .39 -137 6.18 89 .07 55 .46 -37
1400 .34 -156 4.53 77 .08 60 .43 -38
2000 .30 -177 3.21 64 .12 67 .42 -40
NEC S2 8 100 2000 
100 .73 -37 28.56 154 .01 71 .90 -17
200 .66 -67 23.96 137 .02 61 .77 -29
400 .56 -107 16.38 114 .04 51 .57 -40 
600 .52 -131 11.73 102 .04 47 .45 -44 
800 .50 -146 9.26 93 .05 51 .39 -45 
1000 .48 -157 7.36 86 .05 50 .36 -44
1400 .47 -173 5.36 76 .07 55 .33 -45
2000 .46 169 3.82 63 .09 57 .31 -49 
HPM AA 9 100 8000 
 100  .92  -11  7.15  168  .007   79  .99   -4
 500  .78  -54  6.28  135  .026   54  .90  -18
1000  .63  -98  5.04  113  .037   33  .79  -30
1500  .60 -127  3.88   87  .039   28  .76  -35
2000  .59 -149  3.15   71  .042   26  .75  -43
3000  .57 -173  2.21   48  .043   25  .77  -58
4000  .55  173  1.66   29  .049   24  .82  -71
6000  .49  146  1.08   -7  .063   20  .88  -99
8000  .51  120   .77  -35  .083   10  .87 -116
HPM BB 7 2000 12000 
 2000 .954 -32 2.17 152 .037 72 .719 -11
 3000 .912 -49 2.10 139 .054 63 .742 -18
 4000 .862 -66 1.96 124 .067 55 .735 -23
 5000 .821 -81 1.82 111 .074 58 .710 -28
 7000 .762 -104 1.53 91 .081 38 .693 -40
10000 .737 -125 1.08 65 .082 30 .712 -58
12000 .714 -131 .91 55 .081 31 .738 -62 
HPM CC 7 2000 12000 
 2000 .941 -41 3.36 148 .019 71 .790 -9 
 3000 .900 -62 3.18 133 .028 62 .760 -17
 4000 .851 -80 2.80 120 .031 57 .759 -19
 5000 .823 -96 2.50 107 .032 53 .744 -24
 7000 .781 -117 2.05 90 .035 50 .743 -33
10000 .758 -135 1.42 66 .036 55 .764 -50
12000 .733 -141 1.19 57 .038 64 .787 -54
HPM DD 10 100 6000
 100 .886 -14 9.012 169 .007 80 .997 -5
 500 .753 -66 7.534 131 .031 55 .897 -19
1000 .638 -105 5.223 104 .042 39 .793 -29
1500 .537 -134 3.738 83 .045 31 .747 -38
2000 .515 -154 2.974 68 .047 30 .718 -45
3000 .494 179 2.052 42 .051 34 .727 -63
3500 .502 168 1.773 31 .054 35 .739 -74
4000 .487 156 1.521 20 .061 39 .76 -81
5000 .484 136 1.195 -1 .075 40 .775 -95
6000 .511 121 1.015 -17 .096 41 .824 -107
HPM EE 9 100 6000
 100 .886 -14 9.012 169 .007 80 .997 -5
 500 .753 -66 7.534 131 .031 55 .897 -19
1000 .638 -105 5.223 104 .042 39 .793 -29
2000 .515 -154 2.974 68 .047 30 .718 -45
3000 .494 179 2.052 42 .051 34 .727 -63
3500 .502 168 1.773 31 .054 35 .739 -74
4000 .487 156 1.521 20 .061 39 .76 -81
5000 .484 136 1.195 -1 .075 40 .775 -95
6000 .511 121 1.015 -17 .096 41 .824 -107
HPM FF 11 100 8000
100 0.591 -66 34.601 146 0.010 69 0.858 -18 
500 0.584 -150 12.740 96 0.022 44 0.514 -27 
1000 0.594 -175 6.858 78 0.030 51 0.437 -32 
1500 0.591 173 4.613 64 0.040 55 0.446 -39
2000 0.601 162 3.533 53 0.052 55 0.442 -49
3000 0.621 146 2.320 33 0.074 56 0.477 -67
4000 0.617 131 1.730 11 0.103 50 0.552 -84
5000 0.601 116 1.348 -9 0.141 44 0.648 -102 
6000 0.620 103 1.110 -28 0.166 32 0.662 -123
7000 0.613 83 0.939 -46 0.210 14 0.648 -140 
8000 0.623 55 0.749 -63 0.220 3 0.625 -150
HPM GG 11 100 8000
100 0.661 -52 28.291 152 0.011 69 0.899 -16 
500 0.589 -139 12.519 101 0.026 41 0.553 -33
1000 0.589 -169 6.712 80 0.033 45 0.472 -37 
1500 0.586 177 4.538 65 0.042 49 0.468 -41
2000 0.614 165 3.438 53 0.053 50 0.471 -50
3000 0.616 148 2.283 32 0.073 52 0.502 -68
4000 0.615 132 1.696 10 0.100 47 0.570 -85
5000 0.598 118 1.348 -9 0.138 42 0.652 -102 
6000 0.624 104 1.113 -29 0.156 31 0.670 -122
7000 0.619 84 0.932 -47 0.203 18 0.677 -143 
8000 0.632 56 0.743 -64 0.220 6 0.650 -153
HPM HH 10 100 8000
100 .597 -73 33.43 149 .008 32 .908 -13 
500 .768 -149 12.50 105 .016 34 .629 -16
1000 .785 -164 6.51 92 .018 37 .587 -14 
1500 .788 -170 4.38 86 .021 43 .580 -15 
2000 .789 -173 3.30 80 .025 48 .579 -18 
3000 .788 -175 2.209 72 .033 54 .583 -23
4000 .787 -177 1.664 64 .041 57 .591 -29
5000 .784 -178 1.337 56 .049 57 .6 -36
6000 .781 -179 1.119 49 .058 56 .612 -42
8000 .774 -180 .845 36 .073 53 .639 -53 
FUJ AA 7 500 5000 
 500 .80 -63 6.19 130 .084 52 .84 -37 
1000 .67 -107 4.48 98 .122 31 .67 -60 
1500 .60 -134 3.44 78 .140 19 .58 -72 
2000 .52 -156 2.58 60 .142 11 .53 -84 
3000 .48 171 1.87 31 .148 0 .49 -105
4000 .46 140 1.48 2 .151 -13 .51 -133 
5000 .42 107 1.19 -26 .149 -26 .56 -159 
FUJ DD 7 500 5000 
500 .63 -100 8.73 112 .060 41 .66 -44 
1000 .57 -145 5.27 83 .078 31 .51 -58 
1500 .54 -167 3.77 66 .091 29 .47 -66 
2000 .50 174 2.75 51 .099 25 .46 -76
3000 .49 146 1.95 23 .118 21 .46 -98
4000 .49 120 1.52 -4 .139 7 .50 -128
5000 .46 90 1.21 -31 .153 -7 .56 -155 
FUJ BB 8 500 6500 
500 .71 -64 6.92 130 .044 55 .87 -28
1000 .60 -107 4.98 99 .065 38 .75 -43 
1500 .53 -133 3.81 79 .073 30 .71 -54 
2000 .47 -157 2.94 60 .076 25 .68 -65 
3000 .43 166 2.09 30 .085 25 .68 -84
4000 .45 135 1.61 2 .097 18 .69 -108
5000 .44 107 1.33 -26 .111 9 .71 -135 
6500 .47 46 1.06 -60 .180 -1 .58 -155 
FUJ CC 8 500 6500 
500 .56 -98 10.40 115 .032 50 .76 -30 
1000 .51 -141 6.29 87 .044 43 .65 -41 
1500 .48 -165 4.50 69 .051 43 .63 -50 
2000 .45 176 3.37 52 .059 43 .64 -61
3000 .45 144 2.34 24 .078 43 .65 -81
4000 .50 120 1.78 -2 .098 34 .67 -105 
5000 .50 95 1.46 -28 .117 22 .69 -133 
6500 .54 39 1.16 -62 .191 12 .57 -154 
FUJ EE 7 500 5000 
500 .74 -72 7.00 123 .055 51 .78 -33
1000 .58 -116 4.65 93 .076 35 .64 -50 
1500 .52 -144 3.48 72 .088 27 .61 -62 
2000 .45 -167 2.62 54 .094 21 .60 -71 
3000 .42 155 1.78 24 .099 18 .61 -91
4000 .44 126 1.34 -2 .110 8 .64 -113
5000 .42 98 1.10 -29 .118 -3 .68 -136 
FUJ FF 7 500 5000 
500 .54 -117 11.33 104 .036 46 .59 -39
1000 .50 -155 6.23 79 .048 43 .49 -48 
1500 .47 -177 4.39 62 .062 43 .50 -58 
2000 .44 165 3.23 47 .075 41 .51 -67
3000 .44 133 2.17 20 .094 35 .55 -88
4000 .47 110 1.61 -5 .111 23 .59 -110 
5000 .47 84 1.31 -31 .124 10 .63 -134 
FAI AA 6 50 1000
  50 .60 -25 8.0 135 .012 75 .94 -5 
 100 .47 -35 5.41 120 .020 72 .90 -8
 200 .36 -48 3.25 101 .041 71 .85 -12 
 400 .24 -70 1.88 82 .068 67 .82 -17
 700 .15 -111 1.24 61 .107 66 .81 -28 
1000 .10 -150 .94 45 .142 67 .85 -41
FAI BB 6 50 1000
  50 .50 -32 10. 142 .010 68 .90 -6 
 100 .31 -44 6.95 111 .018 70 .86 -8
 200 .23 -63 4.07 96 .036 71 .82 -12
 400 .13 -97 2.26 77 .062 72 .79 -16
 700 .10 -159 1.42 56 .102 72 .78 -26 
1000 .10 150 1.04 40 .145 72 .84 -39
PLE AA 5 8000 12000 
 8000 .75 -113 1.41 75 .13 32 .63 -42 
 9000 .63 -123 1.33 59 .13 23 .68 -51 
10000 .50 -136 1.26 44 .14 14 .63 -54 
11000 .57 -169 1.30 29 .14  1 .57 -68 
12000 .54  173 1.31 13 .15 -9 .58 -72 
PLE BB 5 8000 12000 
 8000 .73 -132 1.64 72 .08 50 .65 -38 
 9000 .61 -140 1.51 58 .08 42 .71 -45 
10000 .54 -166 1.53 40 .08 29 .68 -47 
11000 .59  164 1.50 24 .08 22 .62 -59 
12000 .56  146 1.44  9 .08 14 .67 -64 
PLE CC 5 8000 12000 
 8000 .63 -124 1.61 63 .11 30 .71 -51 
 9000 .59 -146 1.50 47 .13 19 .63 -65 
10000 .56 -159 1.44 34 .11 11 .66 -74 
11000 .53 -171 1.32 21 .11  5 .65 -79 
12000 .50  171 1.30 12 .12  3 .68 -82 
PLE DD 5 8000 12000 
 8000 .59 -154 1.89 57 .07 47 .71 -45 
 9000 .60 -173 1.69 43 .07 41 .64 -59 
10000 .58  173 1.61 30 .07 41 .68 -67 
11000 .56  160 1.48 18 .07 39 .71 -72 
12000 .53  141 1.44  9 .08 38 .70 -76 
CTC AA 8 100 3000 
100 .56 -137 22 124 .005 50 .74 -18 
200 .67 -158 13 103 .011 40 .64 -19 
400 .70 -178 7.0 83 .02 40 .56 -24
600 .72 167 4.7 68 .024 46 .56 -30
1000 .73 149 2.8 46 .03 48 .58 -44
1500 .77 130 1.9 22 .052 50 .56 -64 
2000 .78 112 1.5 5 .07 46 .59 -87 
3000 .80 77 .85 -35 .132 25 .62 -135
CTC BB 8 100 3000 
100 .70 -168 21 99 .010 45 .30 -48
200 .73 -176 10 88 .016 55 .23 -40
400 .75 173 5.5 73 .024 60 .20 -36
600 .76 164 3.7 63 .032 60 .19 -48
1000 .78 150 2.2 44 .051 58 .23 -69 
1600 .81 130 1.3 15 .080 52 .26 -105
2000 .83 116 1.0 2 .096 46 .30 -128 
3000 .86 87 .60 -60 .15 25 .46 -176 
CTC CC 8 100 3000 
100 .71 -159 23.5 111 .012 10 .50 -42 
200 .80 -174 19 96 .014 30 .35 -42
400 .81 171 6.6 77 .02 40 .30 -42 
600 .83 162 4.45 65 .025 45 .28 -50 
1000 .85 145 2.6 44 .03 50 .30 -66
1600 .85 124 1.6 16 .05 50 .32 -99
2000 .88 108 1.2 0 .07 44 .37 -120
3000 .91 78 .68 -50 .12 24 .50 -169 
CTC DD 7 500 3000 
500 .83 179 5.09 71 .03 20 .28 -79
750 .84 169 3.47 54 .03 25 .31 -92
1000 .84 161 2.56 41 .03 29 .36 -103
1500 .82 146 1.74 14 .04 37 .48 -125
2000 .81 129 1.36 -10 .06 38 .59 -144 
2500 .74 106 1.17 -39 .08 28 .68 -161 
3000 .60 64 1.05 -71 .11 6 .78 -176 
CTC EE 7 500 3000 
500 .91 174 3.54 69 .02 26 .30 -147 
750 .92 168 2.38 54 .02 34 .34 -149 
1000 .92 163 1.75 42 .03 38 .40 -151
1500 .91 153 1.15 18 .04 42 .51 -160
2000 .92 144 .83 0 .05 43 .61 -171 
2500 .90 134 .65 -21 .07 39 .70 176 
3000 .88 122 .54 -37 .09 32 .76 165 
CTC FF 7 100 3000 
100 .87 -172 12.42 107 .02 19 .40 -124
500 .92 173 2.64 69 .02 27 .42 -159 
1000 .94 164 1.29 42 .03 41 .51 -165
1500 .94 156 .83 20 .04 45 .60 -172 
2000 .93 149 .59 1 .05 45 .69 176 
2500 .93 140 .46 -13 .06 42 .75 166 
3000 .93 133 .36 -27 .08 35 .81 155 
HIT AA 9 2000 15000
2000 .987 -27 1.33 150 .033 71 .801 -20
3000 .975 -40 1.30 135 .047 61 .801 -29
4000 .964 -52 1.31 122 .062 53 .796 -38
6000 .896 -78 1.24 94 .076 35 .755 -60
8000 .837 -101 1.13 68 .079 22 .735 -79
10000 .788 -118 1.07 48 .076 17 .717 -96
12000 .719 -138 1.03 24 .077 13 .699 -111
13500 .653 -157 1.01 9 .074 11 .622 -130
15000 .663 178 .944 -13 .075 8 .679 -155
HIT BB 9 2000 15000
2000 .983 -26 1.41 152 .024 73 .848 -18
3000 .975 -39 1.39 137 .034 64 .851 -26
4000 .961 -51 1.40 124 .044 55 .848 -34
6000 .895 -78 1.36 97 .053 40 .813 -52
8000 .833 -101 1.1.052 32 .805 -69
10000 .796 -121 1.13 51 .050 36 .809 -84
12000 .688 -142 1.05 29 .049 42 .766 -94
13500 .651 -161 1.01 14 .055 47 .703 -106
15000 .680 174 .923 -3 .071 48 .779 -127
HIT CC 9 4500 17000
4500 .929 -40 1.34 139 .032 78 .890 -17
6000 .868 -53 1.36 125 .036 76 .874 -23
8000 .809 -69 1.20 110 .033 87 .879 -30
10000 .754 -87 1.17 95 .035 107 .877 -39
12000 .682 -102 1.09 74 .045 130 .889 -43
13500 .620 -116 .937 72 .063 150 .903 -48
15000 .578 -129 1.01 69 .099 145 .923 -52
16000 .542 -141 1.02 54 .105 146 .933 -54
17000 .465 -156 .891 45 .129 145 .953 -57
AER AA 7 2000 9000
2000 .97 -36 1.85 140 .03 60 .77 -27
3000 .93 -54 1.89 121 .04 49 .74 -40
4000 .88 -75 1.92 101 .06 36 .72 -56
5000 .83 -100 1.87 79 .06 20 .69 -73
6000 .80 -125 1.70 56 .05 10 .68 -91
8000 .77 -159 1.32 21 .04 51 .73 -119
9000 .74 -173 1.18 7 .09 85 .75 -129
AER BB 7 2000 9000
2000 .96 -40 2.47 138 .02 61 .81 -26
3000 .92 -59 2.49 118 .03 53 .78 -39
4000 .85 -81 2.49 98 .03 43 .76 -53
5000 .80 -107 2.38 76 .03 37 .73 -69
6000 .76 -132 2.15 53 .02 54 .74 -87
8000 .74 -166 1.62 18 .06 89 .78 -115
9000 .70 -179 1.45 4 .12 93 .81 -125
AER CC 9 2000 15000
2000 .97 -16 1.88 161 .02 82 .77 -5
3000 .93 -29 1.89 149 .04 71 .75 -10
4000 .89 -42 1.86 139 .04 70 .73 -15
6000 .81 -60 1.72 121 .06 61 .67 -22
8000 .71 -81 1.69 103 .07 53 .62 -30
10000 .65 -113 1.58 81 .07 39 .57 -43
12000 .65 -134 1.35 60 .08 21 .57 -62
13000 .62 -139 1.30 50 .08 11 .62 -72
15000 .57 -155 1.08 22 .08 -11 .72 -90
AER DD 9 2000 15000
2000 .96 -22 2.66 158 .01 80 .82 -3
3000 .91 -37 2.63 146 .02 72 .79 -7
4000 .86 -53 2.54 135 .03 73 .78 -11
6000 .77 -74 2.28 116 .03 74 .73 -15
8000 .68 -100 2.18 98 .03 86 .70 -21
10000 .65 -132 1.95 76 .03 92 .70 -32
12000 .67 -151 1.66 55 .03 91 .71 -50
13000 .64 -157 1.60 45 .03 82 .75 -61
15000 .55 -177 1.27 15 .03 54 .85 -83
AER EE 11 100 4000
100 .86 -12 10.24 168 .01 79 .99 -4
200 .85 -25 10.14 159 .01 74 .98 -8
300 .81 -38 9.63 150 .02 66 .94 -12
500 .73 -57 8.24 134 .03 58 .88 -18
800 .61 -85 6.93 114 .04 49 .80 -24
1000 .55 -99 6.05 104 .04 47 .76 -27
1200 .49 -111 5.25 95 .04 46 .74 -29
1500 .43 -126 4.40 85 .05 47 .70 -32
2000 .38 -156 3.54 71 .05 54 .69 -35
3000 .37 163 2.54 46 .07 75 .69 -48
4000 .42 146 2.06 23 .19 81 .77 -76
AER FF 9 100 4000
100 .80 -36 12.42 155 .02 67 .95 -13
200 .74 -68 10.96 138 .04 53 .85 -23
400 .67 -110 7.73 111 .05 39 .66 -32
600 .62 -137 5.65 95 .06 32 .58 -36
800 .61 -153 4.41 85 .06 30 .53 -39
1000  .60 -165 3.60 75 .07 30 .52 -43
2000 .61 157 1.82 40 .08 37 .49 -64
3000 .66 143 1.26 17 .12 45 .48 -96
4000 .70 127 .90 -7 .18 46 .55 -134
AER GG 9 100 4000
100 .62 -64 23.81 143 .02 58 .86 -20
200 .59 -106 17.47 123 .02 48 .69 -28
400 .58 -143 10.40 99 .03 42 .52 -31
600 .57 -160 7.12 87 .04 45 .47 -32
800 .58 -170 5.46 80 .04 47 .44 -33
1000 .58 -178 4.44 71 .05 49 .44 -36
2000 .60 154 2.20 41 .08 53 .42 -56
3000 .65 140 1.57 19 .13 54 .42 -90
4000 .70 126 1.13 -6 .18 49 .49 -129
DXL AA 11 2000 18000
2000 .95 -38 3.04 142 .02 68 .8 -13
4000 .84 -76 2.62 110 .03 55 .77 -26
6000 .76 -105 2.15 85 .03 48 .77 -42
8000 .71 -125 1.99 64 .03 53 .69 -56
10000 .7 -149 1.78 36 .04 56 .69 -72
12000 .69 -172 1.51 15 .03 42 .71 -88
14000 .66 169 1.43 -8 .03 26 .66 -114
15000 .62 163 1.43 -22 .03 21 .64 -123
16000 .63 154 1.47 -31 .05 7 .65 -130
17000 .61 140 1.56 -44 .06 -11 .63 -136
18000 .62 112 1.70 -70 .08 -28 .59 -148
DXL BB 11 2000 18000
2000 .95 -40 2.49 139 .01 70 .85 -10
4000 .83 -79 2.12 105 .02 63 .85 -21
6000 .75 -109 1.71 78 .02 69 .87 -35
8000 .7 -129 1.59 56 .03 89 .8 -48
10000 .69 -154 1.4 25 .04 88 .81 -62
12000 .66 -177 1.14 4 .04 81 .87 -74
14000 .64 165 1.13 -21 .04 66 .87 -102
15000 .6 157 1.13 -37 .05 54 .81 -112
16000 .61 147 1.12 -46 .06 39 .83 -115
17000 .59 132 1.21 -58 .07 22 .84 -120
18000 .6 103 1.34 -86 .08 7 .85 -128
DXL CC 8 2000 12000
2000 .96 -38 1.54 138 .03 64 .76 -24
4000 .86 -78 1.59 99 .06 52 .7 -48
5000 .81 -105 1.54 76 .08 33 .64 -68
6000 .78 -129 1.38 52 .08 13 .6 -90
8000 .77 -157 1.05 19 .06 -2 .66 -125
10000 .76 -175 .86 -11 .05 -5 .73 -145
11000 .72 175 .78 -28 .04 -2 .76 -156
12000 .72 167 .59 -52 .03 0 .84 -170
DXL DD 8 2000 12000
2000 .94 -43 2.5 138 .01 78 .90 -21
4000 .81 -86 2.5 98 .04 136 .9 -40
5000 .8 -113 2.52 76 .07 71 .9 -61
6000 .77 -139 2.22 50 .05 47 .88 -85
8000 .76 -166 1.59 16 .05 65 .84 -121
10000 .72 176 1.27 -13 .07 65 .89 -142
11000 .67 167 1.11 -30 .08 58 .91 -153
12000 .65 162 .8 -55 .07 61 .97 -168
VAR AA 9 2000 12000
2000 .99 -14 1.39 163 .009 78.7 .89 -8
3000 .99 -22 1.36 155 .013 74 .88 -11
4000 .96 -28 1.32 148 .015 68 .87 -15
5000 .96 -34 1.28 139 .016 66 .88 -19
6000 .95 -41 1.24 132 .018 62 .88 -24
7000 .94 -48 1.17 127 .019 54 .87 -30
8000 .94 -54 1.13 123 .02 48 .88 -35
10000 .94 -64 .96 115 .01 23 .92 -42
12000 .92 -71 .93 105 .006 7.7 .93 -45
TRW  AA  11  100  2000  50
  100     .497 -120.6    15.69  107.4     .029   46.2     .516  -43.1 
  150     .477 -137.8    11.74   98.4     .042   59.5     .471  -41.0 
  200     .465 -151.9     9.38   91.3     .039   54.4     .398  -45.8 
  250     .465 -161.7     7.69   85.2     .048   55.2     .401  -50.1 
  350     .474 -175.3     5.71   75.9     .062   57.3     .378  -57.2 
  450     .491  175.7     4.54   66.5     .075   61.0     .377  -62.8 
  600     .513  164.8     3.42   55.6     .096   62.6     .395  -74.8 
  800     .533  154.8     2.57   40.9     .125   61.1     .418  -90.0 
 1100     .535  139.8     1.94   20.8     .181   57.9     .476 -107.4 
 1500     .593  117.2     1.43   -1.0     .272   47.8     .543 -136.9 
 2000     .694   83.3     1.12  -23.7     .388   28.6     .680 -172.2 
TRW BB 11 100 2000 50
  100     .493 -127.0    16.00  105.7     .031   53.7     .496  -42.2 
  150     .468 -143.4    11.87   97.0     .042   61.4     .455  -41.4 
  200     .468 -156.0     9.48   90.2     .038   54.5     .380  -45.7 
  250     .468 -165.2     7.77   84.2     .048   57.7     .385  -49.9 
  350     .477 -177.8     5.75   74.9     .061   60.6     .367  -56.4 
  450     .498  173.9     4.58   65.7     .074   62.7     .367  -62.2 
  600     .520  163.8     3.45   54.8     .096   63.9     .387  -74.0 
  800     .541  154.1     2.58   40.0     .126   61.7     .412  -89.5 
 1100     .545  139.3     1.94   19.8     .182   58.2     .473 -106.8 
 1500     .605  117.0     1.43   -2.1     .273   48.1     .543 -136.7 
 2000     .710   82.8     1.10  -24.6  .39 28.6 .679 -172.2
TRW CC  11  100  2000  50
  100     .478 -122.7    16.58  106.6     .024   45.4     .506  -40.4 
  150     .458 -139.7    12.30   97.8     .039   60.0     .477  -38.2 
  200     .452 -153.3     9.85   90.9     .038   53.7     .406  -42.1 
  250     .450 -162.9     8.08   84.9     .047   59.8     .410  -45.9 
  350     .457 -176.2     6.00   75.7     .059   60.1     .386  -52.6 
  450     .478  175.1     4.76   66.4     .072   62.4     .387  -57.8 
  600     .501  164.6     3.59   55.6     .092   64.0     .405  -69.4 
  800     .521  154.9     2.69   40.9     .119   61.9     .427  -84.3 
 1100     .524  140.4     2.02   21.0     .173   58.5 .484 -101.5
 1500 .585 118 1.49 -1.1 .257 49.2 .546 -130.7
 2000     .692   83.8     1.15  -24.1     .370   30.6     .682 -166.5 
TRW DD  11  100  2000  50
  100     .677 -117.8    19.39  113.4     .033   36.0     .525  -50.1 
  150     .659 -135.2    14.67  104.3     .039   47.3     .447  -47.3 
  200     .655 -148.5    11.83   97.3     .034   34.9     .341  -56.2 
  250     .658 -157.7     9.74   91.5     .040   40.1     .341  -57.0 
  350     .665 -170.7     7.24   82.8     .047   38.7     .286  -62.7 
  450     .686 -179.6     5.76   74.2     .049   42.1     .262  -65.6 
  600     .706  170.4     4.36   64.7     .058   46.9     .259  -72.6 
  800     .726  161.1     3.21   51.9     .068   49.5     .259  -83.5 
 1100     .735  148.1     2.39   33.4     .091   52.3     .286  -95.9 
 1500     .806  132.0     1.76   13.0     .130   51.2     .318 -124.8 
 2000     .957  107.0     1.37  -11.1     .190   41.2     .464 -160.7 
TRW EE  11  100  2000  50
  100     .674 -124.1    19.82  111.3     .029   43.2     .485  -50.3 
  150     .658 -140.6    14.86  102.5     .036   48.1     .416  -48.4 
  200     .659 -153.2    11.94   95.8     .030   33.9     .320  -55.4 
  250     .663 -161.5     9.82   90.1     .039   40.5     .320  -56.4 
  350     .671 -173.4     7.28   81.6     .044   41.3     .274  -61.1 
450 .695 178.3 5.77 73 .047 44.9 .253 -63.7
600 .716 168.9 4.36 63.7 .056 49.5 .252 -70.5
  800     .736  160.0     3.20   50.7     .067   52.1     .255  -81.4 
 1100     .744  147.3     2.37   32.3     .091   54.1     .286  -94.0 
 1500     .818  131.4     1.73   11.8     .130   52.8     .320 -123.3 
 2000     .968  106.2     1.33  -11.9     .192   42.2     .468 -160.2 
TRW FF 11 100 2000 50
100 .665 -119.6 20.51 112.6 .024 42.7 .514 -43.6
  150     .652 -137.3    15.45  103.5     .035   47.1     .460  -40.6 
  200     .649 -150.2    12.55   96.9     .030   33.9     .356  -46.8 
  250     .651 -159.0    10.26   91.0     .037   42.2     .358  -47.9 
350 .661 -171.7 7.61 82.4 .041 41.8 .31 -51.1
450 .682 179.7 6.05 73.7 .044 45.3 .291 -52.9
  600     .704  170.1     4.57   64.4     .052   50.4     .288  -59.4 
  800     .724  161.0     3.36   51.5     .063   52.9     .288  -69.6 
 1100     .734  148.1     2.49   33.3     .085   55.4     .316  -82.2 
 1500     .809  132.1     1.82   12.9     .122   55.1     .334 -109.7 
 2000     .959  107.0  1.41 -10.8 .183 45.2 .462 -148.8
TRW GG  11  500  4000  50 
  500     .783 -175.3     5.28   73.7     .039   14.6     .383  -86.9 
  600     .788 -179.8     4.50   68.1     .041   12.6     .384  -92.8 
  700     .790  175.9     3.82   61.9     .041   11.6     .395  -98.0 
  900     .795  168.7     2.97   50.0     .042   9.6 .424 -106.5
1100 .797 161.1 2.42 39 .044 10.4 .464 -115.3
 1400     .781  152.8     1.88   22.5     .048    7.9     .518 -126.3 
 1700     .764  144.4     1.52    9.0     .052    8.0     .575 -136.1 
 2100     .742  138.6     1.20   -4.8     .059    6.5     .638 -146.1 
 2600     .703  121.5      .97  -25.5 .071 -1.1 .71 -158
3200 .637 95.5 .79 -50.9 .089 -11.4 .757 -171.2
 4000     .546   48.8      .64  -84.6     .126  -32.9     .810  172.1 
TRW HH  11  500  4000  50
  500     .802 -176.2     6.67   72.5     .023   18.1     .456  -64.5 
600 .807 179.5 5.66 67.2 .024 17.1 .46 -70.3
700 .807 175.5 4.83 61.3 .024 16.7 .469 -76.3
900 .816 168.8 3.7 49.5 .026 16.8 .502 -87
1100 .816 163.7 2.99 40.1 .027 18 .537 -97.8
 1400     .804  156.3     2.30   24.2     .030   17.5     .583 -111.2 
 1700     .791  149.1     1.85   11.5     .033 19 .634 -122.8
2100 .782 141.5 1.44 -6.3 .039 18.2 .686 -139.1
2600 .756 126.7 1.14 -24.2 .049 10.9 .748 -152.8
3200 .706 104.9 .92 -48.4 .063 2.2 .792 -167.7
 4000     .627   68.8      .75  -80.8     .093  -17.4     .836  174.4 
MSC AA 9 2000 10000 50
2000 .79 -70 2.06 124 .067 43 .6 -52
3000 .80 -85 1.73 113 .079 36 .64 -63
4000 .82 -110 1.67 98 .104 25 .66 -86
5000 .83 -127 1.5 85 .091 17 .67 -97
6000 .77 -154 1.39 66 .09 0 .66 -108
7000 .76 -166 1.31 56 .085 3 .67 -119
8000 .76 177 1.21 36 .085 1 .7 -127
9000 .75 164 1.02 29 .1 4 .81 -142
10000 .74 151 .96 14 .088 0 .82 -163
MSC BB 9 2000 10000 50
2000 .88 -112 2.8 96 .072 16 .45 -93
3000 .9 -134 2.5 74 .098 -2 .52 -107
4000 .86 -154 2.14 55 .095 -18 .52 -117
5000 .8 -175 1.88 40 .097 -29 .47 -130
6000 .83 163 1.63 16 .08 -43 .46 -147
7000 .88 142 1.49 -1 .081 -54 .48 -166
8000 .92 127 1.25 -15 .067 -63 .55 177
9000 .88 115 1.16 -36 .09 -76 .56 168
10000 .72 98 1.06 -58 .07 -93 .54 157
MSC CC 9 2000 10000 50
2000 .79 -136 2.7 82 .06 8 .4 -126
3000 .81 -155 2.23 61 .075 -4 .49 -135
4000 .8 -167 1.9 43 .07 -14 .5 -143
5000 .81 -179 1.61 26 .073 -22 .48 -155
6000 .86 166 1.37 11 .058 -32 .52 -169
7000 .88 152 1.19 -9 .061 -39 .56 179
8000 .89 140 .99 -26 .049 -45 .57 .57 168
9000 .83 128 .87 -41 .059 -57 .58 160
10000 .65 113 .74 -62 .05 -67 .57 149
K e_