01010101010101010101010101010101010101010101010101010101010101010101010101010101
02020202020202020202020202020202020202020202020202020202020202020202020202020202
03030303030303030303030303030303030303030303030303030303030303030303030303030303
04040404040404040404040404040404040404040404040404040404040404040404040404040404
05050505050505050505050505050505050505050505050505050505050505050505050505050505
06060606060606060606060606060606060606060606060606060606060606060606060606060606
07070707070707070707070707070707070707070707070707070707070707070707070707070707
08080808080808080808080808080808080808080808080808080808080808080808080808080808
09090909090909090909090909090909090909090909090909090909090909090909090909090909
10101010101010101010101010101010101010101010101010101010101010101010101010101010
11111111111111111111111111111111111111111111111111111111111111111111111111111111
12121212121212121212121212121212121212121212121212121212121212121212121212121212
13131313131313131313131313131313131313131313131313131313131313131313131313131313
14141414141414141414141414141414141414141414141414141414141414141414141414141414
15151515151515151515151515151515151515151515151515151515151515151515151515151515
16161616161616161616161616161616161616161616161616161616161616161616161616161616
17171717171717171717171717171717171717171717171717171717171717171717171717171717
18181818181818181818181818181818181818181818181818181818181818181818181818181818
19191919191919191919191919191919191919191919191919191919191919191919191919191919
20202020202020202020202020202020202020202020202020202020202020202020202020202020
21212121212121212121212121212121212121212121212121212121212121212121212121212121
22222222222222222222222222222222222222222222222222222222222222222222222222222222
23232323232323232323232323232323232323232323232323232323232323232323232323232323
24242424242424242424242424242424242424242424242424242424242424242424242424242424
25252525252525252525252525252525252525252525252525252525252525252525252525252525
26262626262626262626262626262626262626262626262626262626262626262626262626262626
27272727272727272727272727272727272727272727272727272727272727272727272727272727
28282828282828282828282828282828282828282828282828282828282828282828282828282828
29292929292929292929292929292929292929292929292929292929292929292929292929292929
30303030303030303030303030303030303030303030303030303030303030303030303030303030
31313131313131313131313131313131313131313131313131313131313131313131313131313131
32323232323232323232323232323232323232323232323232323232323232323232323232323232
33333333333333333333333333333333333333333333333333333333333333333333333333333333
34343434343434343434343434343434343434343434343434343434343434343434343434343434
35353535353535353535353535353535353535353535353535353535353535353535353535353535
36363636363636363636363636363636363636363636363636363636363636363636363636363636
37373737373737373737373737373737373737373737373737373737373737373737373737373737
38383838383838383838383838383838383838383838383838383838383838383838383838383838
39393939393939393939393939393939393939393939393939393939393939393939393939393939
40404040404040404040404040404040404040404040404040404040404040404040404040404040
41414141414141414141414141414141414141414141414141414141414141414141414141414141
42424242424242424242424242424242424242424242424242424242424242424242424242424242
43434343434343434343434343434343434343434343434343434343434343434343434343434343
44444444444444444444444444444444444444444444444444444444444444444444444444444444
45454545454545454545454545454545454545454545454545454545454545454545454545454545
46464646464646464646464646464646464646464646464646464646464646464646464646464646
47474747474747474747474747474747474747474747474747474747474747474747474747474747
48484848484848484848484848484848484848484848484848484848484848484848484848484848
49494949494949494949494949494949494949494949494949494949494949494949494949494949
50505050505050505050505050505050505050505050505050505050505050505050505050505050
51515151515151515151515151515151515151515151515151515151515151515151515151515151
52525252525252525252525252525252525252525252525252525252525252525252525252525252
53535353535353535353535353535353535353535353535353535353535353535353535353535353
54545454545454545454545454545454545454545454545454545454545454545454545454545454
55555555555555555555555555555555555555555555555555555555555555555555555555555555
56565656565656565656565656565656565656565656565656565656565656565656565656565656
57575757575757575757575757575757575757575757575757575757575757575757575757575757
58585858585858585858585858585858585858585858585858585858585858585858585858585858
59595959595959595959595959595959595959595959595959595959595959595959595959595959
60606060606060606060606060606060606060606060606060606060606060606060606060606060
61616161616161616161616161616161616161616161616161616161616161616161616161616161
62626262626262626262626262626262626262626262626262626262626262626262626262626262
63636363636363636363636363636363636363636363636363636363636363636363636363636363
64646464646464646464646464646464646464646464646464646464646464646464646464646464
65656565656565656565656565656565656565656565656565656565656565656565656565656565
66666666666666666666666666666666666666666666666666666666666666666666666666666666
67676767676767676767676767676767676767676767676767676767676767676767676767676767
68686868686868686868686868686868686868686868686868686868686868686868686868686868
69696969696969696969696969696969696969696969696969696969696969696969696969696969
70707070707070707070707070707070707070707070707070707070707070707070707070707070
71717171717171717171717171717171717171717171717171717171717171717171717171717171
72727272727272727272727272727272727272727272727272727272727272727272727272727272
73737373737373737373737373737373737373737373737373737373737373737373737373737373
74747474747474747474747474747474747474747474747474747474747474747474747474747474
75757575757575757575757575757575757575757575757575757575757575757575757575757575
76767676767676767676767676767676767676767676767676767676767676767676767676767676
77777777777777777777777777777777777777777777777777777777777777777777777777777777
78787878787878787878787878787878787878787878787878787878787878787878787878787878
79797979797979797979797979797979797979797979797979797979797979797979797979797979
80808080808080808080808080808080808080808080808080808080808080808080808080808080
81818181818181818181818181818181818181818181818181818181818181818181818181818181
82828282828282828282828282828282828282828282828282828282828282828282828282828282
83838383838383838383838383838383838383838383838383838383838383838383838383838383
84848484848484848484848484848484848484848484848484848484848484848484848484848484
85858585858585858585858585858585858585858585858585858585858585858585858585858585
86868686868686868686868686868686868686868686868686868686868686868686868686868686
87878787878787878787878787878787878787878787878787878787878787878787878787878787
88888888888888888888888888888888888888888888888888888888888888888888888888888888
01010101010101010101010101010101010101010101010101010101010101010101010101010101
02020202020202020202020202020202020202020202020202020202020202020202020202020202
03030303030303030303030303030303030303030303030303030303030303030303030303030303
04040404040404040404040404040404040404040404040404040404040404040404040404040404
05050505050505050505050505050505050505050505050505050505050505050505050505050505
06060606060606060606060606060606060606060606060606060606060606060606060606060606
07070707070707070707070707070707070707070707070707070707070707070707070707070707
08080808080808080808080808080808080808080808080808080808080808080808080808080808
09090909090909090909090909090909090909090909090909090909090909090909090909090909
10101010101010101010101010101010101010101010101010101010101010101010101010101010
11111111111111111111111111111111111111111111111111111111111111111111111111111111
12121212121212121212121212121212121212121212121212121212121212121212121212121212
13131313131313131313131313131313131313131313131313131313131313131313131313131313
14141414141414141414141414141414141414141414141414141414141414141414141414141414
15151515151515151515151515151515151515151515151515151515151515151515151515151515
16161616161616161616161616161616161616161616161616161616161616161616161616161616
17171717171717171717171717171717171717171717171717171717171717171717171717171717
18181818181818181818181818181818181818181818181818181818181818181818181818181818
19191919191919191919191919191919191919191919191919191919191919191919191919191919
20202020202020202020202020202020202020202020202020202020202020202020202020202020
21212121212121212121212121212121212121212121212121212121212121212121212121212121
22222222222222222222222222222222222222222222222222222222222222222222222222222222
23232323232323232323232323232323232323232323232323232323232323232323232323232323
24242424242424242424242424242424242424242424242424242424242424242424242424242424
25252525252525252525252525252525252525252525252525252525252525252525252525252525
26262626262626262626262626262626262626262626262626262626262626262626262626262626
27272727272727272727272727272727272727272727272727272727272727272727272727272727
28282828282828282828282828282828282828282828282828282828282828282828282828282828
29292929292929292929292929292929292929292929292929292929292929292929292929292929
30303030303030303030303030303030303030303030303030303030303030303030303030303030
31313131313131313131313131313131313131313131313131313131313131313131313131313131
32323232323232323232323232323232323232323232323232323232323232323232323232323232
33333333333333333333333333333333333333333333333333333333333333333333333333333333
34343434343434343434343434343434343434343434343434343434343434343434343434343434
35353535353535353535353535353535353535353535353535353535353535353535353535353535
36363636363636363636363636363636363636363636363636363636363636363636363636363636
37373737373737373737373737373737373737373737373737373737373737373737373737373737
38383838383838383838383838383838383838383838383838383838383838383838383838383838
39393939393939393939393939393939393939393939393939393939393939393939393939393939
40404040404040404040404040404040404040404040404040404040404040404040404040404040
41414141414141414141414141414141414141414141414141414141414141414141414141414141
42424242424242424242424242424242424242424242424242424242424242424242424242424242
43434343434343434343434343434343434343434343434343434343434343434343434343434343
44444444444444444444444444444444444444444444444444444444444444444444444444444444
45454545454545454545454545454545454545454545454545454545454545454545454545454545
46464646464646464646464646464646464646464646464646464646464646464646464646464646
47474747474747474747474747474747474747474747474747474747474747474747474747474747
48484848484848484848484848484848484848484848484848484848484848484848484848484848
49494949494949494949494949494949494949494949494949494949494949494949494949494949
50505050505050505050505050505050505050505050505050505050505050505050505050505050
51515151515151515151515151515151515151515151515151515151515151515151515151515151
52525252525252525252525252525252525252525252525252525252525252525252525252525252
53535353535353535353535353535353535353535353535353535353535353535353535353535353
54545454545454545454545454545454545454545454545454545454545454545454545454545454
55555555555555555555555555555555555555555555555555555555555555555555555555555555
56565656565656565656565656565656565656565656565656565656565656565656565656565656
57575757575757575757575757575757575757575757575757575757575757575757575757575757
58585858585858585858585858585858585858585858585858585858585858585858585858585858
59595959595959595959595959595959595959595959595959595959595959595959595959595959
60606060606060606060606060606060606060606060606060606060606060606060606060606060
61616161616161616161616161616161616161616161616161616161616161616161616161616161
62626262626262626262626262626262626262626262626262626262626262626262626262626262
63636363636363636363636363636363636363636363636363636363636363636363636363636363
64646464646464646464646464646464646464646464646464646464646464646464646464646464
65656565656565656565656565656565656565656565656565656565656565656565656565656565
66666666666666666666666666666666666666666666666666666666666666666666666666666666
67676767676767676767676767676767676767676767676767676767676767676767676767676767
68686868686868686868686868686868686868686868686868686868686868686868686868686868
69696969696969696969696969696969696969696969696969696969696969696969696969696969
70707070707070707070707070707070707070707070707070707070707070707070707070707070
71717171717171717171717171717171717171717171717171717171717171717171717171717171
72727272727272727272727272727272727272727272727272727272727272727272727272727272
73737373737373737373737373737373737373737373737373737373737373737373737373737373
74747474747474747474747474747474747474747474747474747474747474747474747474747474
75757575757575757575757575757575757575757575757575757575757575757575757575757575
76767676767676767676767676767676767676767676767676767676767676767676767676767676
77777777777777777777777777777777777777777777777777777777777777777777777777777777
78787878787878787878787878787878787878787878787878787878787878787878787878787878
79797979797979797979797979797979797979797979797979797979797979797979797979797979
80808080808080808080808080808080808080808080808080808080808080808080808080808080
81818181818181818181818181818181818181818181818181818181818181818181818181818181
82828282828282828282828282828282828282828282828282828282828282828282828282828282
83838383838383838383838383838383838383838383838383838383838383838383838383838383
84848484848484848484848484848484848484848484848484848484848484848484848484848484
85858585858585858585858585858585858585858585858585858585858585858585858585858585
86868686868686868686868686868686868686868686868686868686868686868686868686868686
87878787878787878787878787878787878787878787878787878787878787878787878787878787
88888888888888888888888888888888888888888888888888888888888888888888888888888888
01010101010101010101010101010101010101010101010101010101010101010101010101010101
02020202020202020202020202020202020202020202020202020202020202020202020202020202
03030303030303030303030303030303030303030303030303030303030303030303030303030303
04040404040404040404040404040404040404040404040404040404040404040404040404040404
05050505050505050505050505050505050505050505050505050505050505050505050505050505
06060606060606060606060606060606060606060606060606060606060606060606060606060606
07070707070707070707070707070707070707070707070707070707070707070707070707070707
08080808080808080808080808080808080808080808080808080808080808080808080808080808
09090909090909090909090909090909090909090909090909090909090909090909090909090909
10101010101010101010101010101010101010101010101010101010101010101010101010101010
11111111111111111111111111111111111111111111111111111111111111111111111111111111
12121212121212121212121212121212121212121212121212121212121212121212121212121212
13131313131313131313131313131313131313131313131313131313131313131313131313131313
14141414141414141414141414141414141414141414141414141414141414141414141414141414
15151515151515151515151515151515151515151515151515151515151515151515151515151515
16161616161616161616161616161616161616161616161616161616161616161616161616161616
17171717171717171717171717171717171717171717171717171717171717171717171717171717
18181818181818181818181818181818181818181818181818181818181818181818181818181818
19191919191919191919191919191919191919191919191919191919191919191919191919191919
20202020202020202020202020202020202020202020202020202020202020202020202020202020
21212121212121212121212121212121212121212121212121212121212121212121212121212121
22222222222222222222222222222222222222222222222222222222222222222222222222222222
23232323232323232323232323232323232323232323232323232323232323232323232323232323
24242424242424242424242424242424242424242424242424242424242424242424242424242424
25252525252525252525252525252525252525252525252525252525252525252525252525252525
26262626262626262626262626262626262626262626262626262626262626262626262626262626
27272727272727272727272727272727272727272727272727272727272727272727272727272727
28282828282828282828282828282828282828282828282828282828282828282828282828282828
29292929292929292929292929292929292929292929292929292929292929292929292929292929
30303030303030303030303030303030303030303030303030303030303030303030303030303030
31313131313131313131313131313131313131313131313131313131313131313131313131313131
32323232323232323232323232323232323232323232323232323232323232323232323232323232
33333333333333333333333333333333333333333333333333333333333333333333333333333333
34343434343434343434343434343434343434343434343434343434343434343434343434343434
35353535353535353535353535353535353535353535353535353535353535353535353535353535
36363636363636363636363636363636363636363636363636363636363636363636363636363636
37373737373737373737373737373737373737373737373737373737373737373737373737373737
38383838383838383838383838383838383838383838383838383838383838383838383838383838
39393939393939393939393939393939393939393939393939393939393939393939393939393939
40404040404040404040404040404040404040404040404040404040404040404040404040404040
41414141414141414141414141414141414141414141414141414141414141414141414141414141
42424242424242424242424242424242424242424242424242424242424242424242424242424242
43434343434343434343434343434343434343434343434343434343434343434343434343434343
44444444444444444444444444444444444444444444444444444444444444444444444444444444
45454545454545454545454545454545454545454545454545454545454545454545454545454545
46464646464646464646464646464646464646464646464646464646464646464646464646464646
47474747474747474747474747474747474747474747474747474747474747474747474747474747
48484848484848484848484848484848484848484848484848484848484848484848484848484848
949494949494949494949494949494949494949494949494949494949494949494949494949
50505050505050505050505050505050505050505050505050505050505050505050505050505050
51515151515151515151515151515151515151515151515151515151515151515151515151515151
52525252525252525252525252525252525252525252525252525252525252525252525252525252
53535353535353535353535353535353535353535353535353535353535353535353535353535353
54545454545454545454545454545454545454545454545454545454545454545454545454545454
55555555555555555555555555555555555555555555555555555555555555555555555555555555
56565656565656565656565656565656565656565656565656565656565656565656565656565656
57575757575757575757575757575757575757575757575757575757575757575757575757575757
58585858585858585858585858585858585858585858585858585858585858585858585858585858
59595959595959595959595959595959595959595959595959595959595959595959595959595959
60606060606060606060606060606060606060606060606060606060606060606060606060606060
61616161616161616161616161616161616161616161616161616161616161616161616161616161
62626262626262626262626262626262626262626262626262626262626262626262626262626262
63636363636363636363636363636363636363636363636363636363636363636363636363636363
64646464646464646464646464646464646464646464646464646464646464646464646464646464
65656565656565656565656565656565656565656565656565656565656565656565656565656565
66666666666666666666666666666666666666666666666666666666666666666666666666666666
67676767676767676767676767676767676767676767676767676767676767676767676767676767
68686868686868686868686868686868686868686868686868686868686868686868686868686868
69696969696969696969696969696969696969696969696969696969696969696969696969696969
70707070707070707070707070707070707070707070707070707070707070707070707070707070
71717171717171717171717171717171717171717171717171717171717171717171717171717171
72727272727272727272727272727272727272727272727272727272727272727272727272727272
73737373737373737373737373737373737373737373737373737373737373737373737373737373
74747474747474747474747474747474747474747474747474747474747474747474747474747474
75757575757575757575757575757575757575757575757575757575757575757575757575757575
76767676767676767676767676767676767676767676767676767676767676767676767676767676
77777777777777777777777777777777777777777777777777777777777777777777777777777777
78787878787878787878787878787878787878787878787878787878787878787878787878787878
79797979797979797979797979797979797979797979797979797979797979797979797979797979
80808080808080808080808080808080808080808080808080808080808080808080808080808080
81818181818181818181818181818181818181818181818181818181818181818181818181818181
82828282828282828282828282828282828282828282828282828282828282828282828282828282
83838383838383838383838383838383838383838383838383838383838383838383838383838383
84848484848484848484848484848484848484848484848484848484848484848484848484848484
85858585858585858585858585858585858585858585858585858585858585858585858585858585
86868686868686868686868686868686868686868686868686868686868686868686868686868686
87878787878787878787878787878787878787878787878787878787878787878787878787878787
88888888888888888888888888888888888888888888888888888888888888888888888888888888
@&…