010101010101010101010101010101010101010101010101010101010101010101010101010101010101
020202020202020202020202020202020202020202020202020202020202020202020202020202020202
030303030303030303030303030303030303030303030303030303030303030303030303030303030303
040404040404040404040404040404040404040404040404040404040404040404040404040404040404
050505050505050505050505050505050505050505050505050505050505050505050505050505050505
060606060606060606060606060606060606060606060606060606060606060606060606060606060606
070707070707070707070707070707070707070707070707070707070707070707070707070707070707
080808080808080808080808080808080808080808080808080808080808080808080808080808080808
090909090909090909090909090909090909090909090909090909090909090909090909090909090909
101010101010101010101010101010101010101010101010101010101010101010101010101010101010
11111111111111111111111111111111111111111111111111111111111111111111111111111111
12121212121212121212121212121212121212121212121212121212121212121212121212121212
13131313131313131313131313131313131313131313131313131313131313131313131313131313
14141414141414141414141414141414141414141414141414141414141414141414141414141414
15151515151515151515151515151515151515151515151515151515151515151515151515151515
16161616161616161616161616161616161616161616161616161616161616161616161616161616
17171717171717171717171717171717171717171717171717171717171717171717171717171717
18181818181818181818181818181818181818181818181818181818181818181818181818181818
19191919191919191919191919191919191919191919191919191919191919191919191919191919
20202020202020202020202020202020202020202020202020202020202020202020202020202020
21212121212121212121212121212121212121212121212121212121212121212121212121212121
22222222222222222222222222222222222222222222222222222222222222222222222222222222
23232323232323232323232323232323232323232323232323232323232323232323232323232323
24242424242424242424242424242424242424242424242424242424242424242424242424242424
25252525252525252525252525252525252525252525252525252525252525252525252525252525
26262626262626262626262626262626262626262626262626262626262626262626262626262626
27272727272727272727272727272727272727272727272727272727272727272727272727272727
28282828282828282828282828282828282828282828282828282828282828282828282828282828
29292929292929292929292929292929292929292929292929292929292929292929292929292929
30303030303030303030303030303030303030303030303030303030303030303030303030303030
31313131313131313131313131313131313131313131313131313131313131313131313131313131
32323232323232323232323232323232323232323232323232323232323232323232323232323232
33333333333333333333333333333333333333333333333333333333333333333333333333333333
34343434343434343434343434343434343434343434343434343434343434343434343434343434
35353535353535353535353535353535353535353535353535353535353535353535353535353535
36363636363636363636363636363636363636363636363636363636363636363636363636363636
37373737373737373737373737373737373737373737373737373737373737373737373737373737
38383838383838383838383838383838383838383838383838383838383838383838383838383838
39393939393939393939393939393939393939393939393939393939393939393939393939393939
40404040404040404040404040404040404040404040404040404040404040404040404040404040
41414141414141414141414141414141414141414141414141414141414141414141414141414141
42424242424242424242424242424242424242424242424242424242424242424242424242424242
43434343434343434343434343434343434343434343434343434343434343434343434343434343
44444444444444444444444444444444444444444444444444444444444444444444444444444444
45454545454545454545454545454545454545454545454545454545454545454545454545454545
46464646464646464646464646464646464646464646464646464646464646464646464646464646
47474747474747474747474747474747474747474747474747474747474747474747474747474747
48484848484848484848484848484848484848484848484848484848484848484848484848484848
49494949494949494949494949494949494949494949494949494949494949494949494949494949
50505050505050505050505050505050505050505050505050505050505050505050505050505050
51515151515151515151515151515151515151515151515151515151515151515151515151515151
52525252525252525252525252525252525252525252525252525252525252525252525252525252
53535353535353535353535353535353535353535353535353535353535353535353535353535353
54545454545454545454545454545454545454545454545454545454545454545454545454545454
55555555555555555555555555555555555555555555555555555555555555555555555555555555
010101010101010101010101010101010101010101010101010101010101010101010101010101010101
020202020202020202020202020202020202020202020202020202020202020202020202020202020202
030303030303030303030303030303030303030303030303030303030303030303030303030303030303
040404040404040404040404040404040404040404040404040404040404040404040404040404040404
050505050505050505050505050505050505050505050505050505050505050505050505050505050505
060606060606060606060606060606060606060606060606060606060606060606060606060606060606
070707070707070707070707070707070707070707070707070707070707070707070707070707070707
080808080808080808080808080808080808080808080808080808080808080808080808080808080808
090909090909090909090909090909090909090909090909090909090909090909090909090909090909
101010101010101010101010101010101010101010101010101010101010101010101010101010101010
11111111111111111111111111111111111111111111111111111111111111111111111111111111
12121212121212121212121212121212121212121212121212121212121212121212121212121212
13131313131313131313131313131313131313131313131313131313131313131313131313131313
14141414141414141414141414141414141414141414141414141414141414141414141414141414
15151515151515151515151515151515151515151515151515151515151515151515151515151515
16161616161616161616161616161616161616161616161616161616161616161616161616161616
17171717171717171717171717171717171717171717171717171717171717171717171717171717
18181818181818181818181818181818181818181818181818181818181818181818181818181818
19191919191919191919191919191919191919191919191919191919191919191919191919191919
20202020202020202020202020202020202020202020202020202020202020202020202020202020
21212121212121212121212121212121212121212121212121212121212121212121212121212121
22222222222222222222222222222222222222222222222222222222222222222222222222222222
23232323232323232323232323232323232323232323232323232323232323232323232323232323
24242424242424242424242424242424242424242424242424242424242424242424242424242424
25252525252525252525252525252525252525252525252525252525252525252525252525252525
26262626262626262626262626262626262626262626262626262626262626262626262626262626
27272727272727272727272727272727272727272727272727272727272727272727272727272727
28282828282828282828282828282828282828282828282828282828282828282828282828282828
29292929292929292929292929292929292929292929292929292929292929292929292929292929
30303030303030303030303030303030303030303030303030303030303030303030303030303030
31313131313131313131313131313131313131313131313131313131313131313131313131313131
32323232323232323232323232323232323232323232323232323232323232323232323232323232
33333333333333333333333333333333333333333333333333333333333333333333333333333333
34343434343434343434343434343434343434343434343434343434343434343434343434343434
35353535353535353535353535353535353535353535353535353535353535353535353535353535
36363636363636363636363636363636363636363636363636363636363636363636363636363636
37373737373737373737373737373737373737373737373737373737373737373737373737373737
38383838383838383838383838383838383838383838383838383838383838383838383838383838
39393939393939393939393939393939393939393939393939393939393939393939393939393939
40404040404040404040404040404040404040404040404040404040404040404040404040404040
41414141414141414141414141414141414141414141414141414141414141414141414141414141
42424242424242424242424242424242424242424242424242424242424242424242424242424242
43434343434343434343434343434343434343434343434343434343434343434343434343434343
44444444444444444444444444444444444444444444444444444444444444444444444444444444
45454545454545454545454545454545454545454545454545454545454545454545454545454545
46464646464646464646464646464646464646464646464646464646464646464646464646464646
47474747474747474747474747474747474747474747474747474747474747474747474747474747
48484848484848484848484848484848484848484848484848484848484848484848484848484848
49494949494949494949494949494949494949494949494949494949494949494949494949494949
50505050505050505050505050505050505050505050505050505050505050505050505050505050
51515151515151515151515151515151515151515151515151515151515151515151515151515151
52525252525252525252525252525252525252525252525252525252525252525252525252525252
53535353535353535353535353535353535353535353535353535353535353535353535353535353
54545454545454545454545454545454545454545454545454545454545454545454545454545454
55555555555555555555555555555555555555555555555555555555555555555555555555555555
    